rid,binaryID
12833,1011111111010
12834,1011111111011
12835,101100
12836,1011001
12848,1000000010111001100110110001100000100001110010101101101
12849,100000001011100110011011000110000010000111001010110110
12850,10000000101110011001101100100
12851,10000000101110011010110
12852,100000001011100110011011000110000010000111001000000111100001111
12853,10111111100
12854,101111111001
12856,100000001011100110011011000110000010000111001000000111100111
12857,1000000010101011110
12858,1000001010
12859,10000010101
12860,10000000101
12862,1000000010111001100110110001100000100001110010000001111001110
12863,1000000010101011111
12864,1000001011
12865,1011111110011
12866,1000000010111001100110110001100000100011111
12867,1000000010111001100110110001100000100001110010000001111000011111
12868,10000000101110011001101100011000001000011100100000011110011
12869,10000000101110011001101100011000001000011100100000011110011101
12870,1000000010101011101
12871,10000000101010111101
12872,10000000101010111111
12873,100000001011100110011011001001111011111001
12874,10000000101110011001101100100111101111100
12875,1000000010
14453,10
14454,100
14455,1000
14456,10000
14457,100000
14458,1000000
14459,10000000
14460,100000001010
14461,1000000010111
14462,10000000101110
14463,1000000010111001
14464,10000000101110011
14465,100000001011100
14466,100000001011100110
14467,1000000010111001100
14468,10000000101110011001
14469,100000001011100110011
14470,1000000010111001100110
14471,10000000101110011001101
14472,100000001011100110011011
14473,1000000010111001100110110
14474,10000000101110011001101100
14475,100000001011100110011011000
14476,1000000010111001100110110001
14477,10000000101110011001101100011
14478,100000001011100110011011000110
14479,1000000010111001100110110001100
14480,10000000101110011001101100011000
14481,100000001011100110011011000110000
14482,1000000010111001100110110001100000
14483,10000000101110011001101100011000000
14484,100000001011100110011011000110000000
14485,1000000010111001100110110001100000000
14486,10000000101110011001101100011000000000
14487,10000000101110011001101100011000000000011
14488,100000001011100110011011000110000000000
14489,1000000010111001100110110001100000000001
14490,100000001011100110011011000110000000000110111
14491,10000000101110011001101100011000000000011011
14492,100000001011100110011011000110000000000110
14493,1000000010111001100110110001100000000001101
14494,1000000010111001100110110001100000000001101111
14495,10000000101110011001101100011000001
14496,100000001011100110011011000110000010
14497,1000000010111001100110110001100000100
14498,10000000101110011001101100011000001000
14499,100000001011100110011011000110000010000
14500,100000001011100110011011000110000010000111
14501,1000000010111001100110110001100000100001110
14502,10000000101110011001101100011000001000011100
14503,100000001011100110011011000110000010000111000
14504,1000000010111001100110110001100000100001110000
14505,10000000101110011001101100011000001000011100000
14506,100000001011100110011011000110000010000111000001
14507,1000000010111001100110110001100000100001110000011
14508,100000001011100110011011000110000010000111001
14509,1000000010111001100110110001100000100001110010
14510,10000000101110011001101100011000001000011100100
14511,100000001011100110011011000110000010000111001000
14512,1000000010111001100110110001100000100001110010000
14513,10000000101110011001101100011000001000011100100000
14514,100000001011100110011011000110000010000111001000000
14515,1000000010111001100110110001100000100001110010000001101
14516,10000000101110011001101100011000001000011100100000011010
14517,100000001011100110011011000110000010000111001000000110100
14518,10000000101110011001101100011000001000011100100000011010010111
14519,100000001011100110011011000110000010000111001000000110100101
14520,1000000010111001100110110001100000100001110010000001101001011
14521,10000000101110011001101100011000001000011100101
14522,100000001011100110011011000110000010000111001010
14523,10000000101110011001101100011000001000011100101001
14524,100000001011100110011011000110000010000111001010011
14525,1000000010111001100110110001100000100001110010100
14526,100000001011100110011011000110000010000111001011111
14527,10000000101110011001101100011000001000011100101111
14528,100000001011100110011011000110000010000111001011
14529,1000000010111001100110110001100000100001110010111
14530,1000000010111001100110110001100000100001110010111110
14531,10000000101110011001101100011000001000011100101111100
14532,100000001011100110011011000110000010000111001011111000
14533,1000000010111001100110110001100000100001110010111110000
14534,100000001011100110011011001
14535,1000000010111001100110110010
14536,1000000010111001100110110001100000100001110010101
14537,10000000101110011001101100011000001000011100101011011
14538,1000000010111001100110110001100001
14539,10000000101110011001101100011000010
14540,10000000101110011001101100100111
14541,100000001011100110011011001001111
14542,10000000101110011001101100100111101
14543,1000000010111001100110110010011110
14544,100000001011100110011011001001111011111
14545,1000000010111001100110110010011110111110
14546,10000000101110011001101100011001
14547,100000001011100110011011000110010
14548,1000000010111001100110110001100101
14549,10000000101110011001101100011001011111
14550,100000001011100110011011000110010111
14551,10000000101110011001101100011001011
14552,100000001011100110011011000110010111111
14553,1000000010111001100110110001100101111
14554,1000000010111001100110110001100101111110
14555,10000000101110011001101100011001011111101
14556,100000001011100110011011000110010111111011
14557,1000000010111001100110110001100101111110111
14558,10000000101110011001101100011001011111101111
14559,10000000101110011001101100011000001000011101
14560,1000000010111001100110110001100000100001111
14561,10000000101110011001101100011000001000011110
14562,1000000010111001100110110001100000100001110010000001111001111
14563,100000001010101111011
14564,1000000010101011110111
14565,11
14566,1001
14567,10011
14568,1000001
14569,10000010
14570,100000100
14571,1000001001
14572,10000010011
14573,100000100111
14574,1000001001111
14575,10000010011110
14576,1000001001111001
14577,100000100111100
14578,10000010011110011
14579,100000100111100110
14580,1000001001111001100
14581,10000010011111
14582,1000001001111001101
14583,100000100111100111
14584,1000001001111001110
14585,10000010011110011101
14586,10000010011110011101111
14587,1000001001111001110111
14588,100000100111100111011
14589,1000001001111001111
14590,100000100111101
14591,1000001001111010
14592,10000010011110101
14593,10000010011110101111
14594,100000100111101011
14595,100000100111101011111
14596,1000001001111010111
14597,1000001001111011
14598,100000101011
14599,1000001010110
14600,10000010101100
14601,10000010101101
14602,100000101011011
14603,1000001010111
14604,100000101
14605,10000011
14606,1000000010101
14607,10000000101010
14608,1000000010101001
14609,100000001010100
14610,100000001010100111
14611,10000000101010011
14612,1000000010101001110
14613,10000000101011
14614,100000001010101010
14615,100000001010101011
14616,100000001010101011111
14617,10000000101010101111
14618,1000000010101010111
14619,1000000010101010111111
14620,1000000010101001111
14621,10000000101010011110
14622,10000000101010011110111
14623,10000000101010011111
14624,100000001010100111111
14625,100000001010100111101011
14626,10000000101010011110101111
14627,10000000101010011110101
14628,1000000010101001111010111
14629,100000001010100111101011111
14630,10000000101111
14631,100000001011110
14632,1000000010111100
14633,10000000101111000
14634,100000001011110000
14635,1000000010111100000
14636,10000000101111000000
14637,100000001011110000000
14638,1000000010111100000001
14639,10000000101111000000011
14640,100000001011110000000111
14641,100000001011111
14642,1000000010111110
14643,1000000010111111
14644,10000000101111111
14645,100000001011110111
14646,10000000101111011
14647,1000000010111101
14648,1000000010111100001
14649,10000000101111000010111
14650,10000000101111000010
14651,100000001011110000101
14652,1000000010111100001011
14653,100000001011110000101111
14654,100000001011110000111
14655,1000000010111100001111
14656,10000000101111000011
14657,10000000101111000011111
14658,100000001011110000111111
14659,10000000101111000001
14660,100000001011110000011
14661,1000000010111100000011
14662,100000001011110000001
14663,100000001011110001
14664,10000000101111001
14665,10000000101111001111
14666,10000000101111001101
14667,100000001011110011011
14668,100000001011100111
14669,1000000010111001110
14670,10000000101110011101
14671,100000001011100111011
14672,1000000010111001110110
14673,10000000101110011101101
14674,1000000010111001110110111
14675,100000001011100111011011
14676,1000000010111001110111
14677,1000000010111001111
14678,10000000101110011001101101
14679,100000001011100110011011010
14680,1000000010111001100110110101
14681,100000001011100110011011011111
14682,10000000101110011001101101111
14683,100000001011100110011011011
14684,1000000010111001100110110111
14685,10000000101110011001101100011001111
14686,100000001011100110011011000110011111
14687,100000001011100110011011000110011
14688,1000000010111001100110110001100111
14689,1000000010111001100110110001100111111
14690,100000001011100110011011000110010111111111
14691,10000000101110011001101100011001011111111
14692,1000000010111001100110110001100101111111
14693,1000000010111001100110110001100101111111111
14694,10000000101110011001101100011000011
14695,1000000010111001100110110001100000001
14696,10000000101110011001101100011000000011
14697,10000000101110011001101100011000000001
14698,100000001011100110011011000110000000011
14699,100000001011100110011011000110000000000111
14700,1000000010111001100110110001100000000001111
14701,10000000101110011001101100011000000000011111
14702,100000001011100110011011000110000000000111111
14703,100000001011100110011011000110000000001
14704,10000000101110011001101100011000000000111
14705,1000000010111001100110110001100000000011
14706,100000001011100110011011000110000001
14707,100000001011100110011011000110000011
14708,1000000010111001100110110001100000110
14709,1000000010111001100110110001100000110111
14710,10000000101110011001101100011000001101111
14711,1000000010111001100110110001100000110101111
14712,10000000101110011001101100011000001101011111
14713,10000000101110011001101100011000001101011
14714,1000000010111001100110110001100000110101
14715,100000001011100110011011000110000011010111
14716,1000000010111001100110110001100000111
14717,10000000101110011001101100011000001110
14718,100000001011100110011011000110000011101
14719,10000000101110011001101100011000001111
14720,100000001011100110011011000110000011111
14721,10000000101110011001101100011000001001
14722,100000001011100110011011000110000010011
14723,100000001011100110011011000110000010001
14724,1000000010111001100110110001100000100010
14725,10000000101110011001101100011000001000101
14726,1000000010111001100110110001100000100011
14727,10000000101110011001101100011000001000111
14728,100000001011100110011011000110000010001111
14729,100000001011100110011011000110000010000111010
14730,1000000010111001100110110001100000100001110101
14731,100000001011100110011011000110000010000111011
14732,1000000010111001100110110001100000100001110111
14733,1000000010111001100110110001100000100001110001
14734,10000000101110011001101100011000001000011100011
14735,10000000101110011001101100011000001000011100001
14736,100000001011100110011011000110000010000111001001
14737,1000000010111001100110110001100000100001110010011
14738,1000000010111001100110110001100000100001110010001
14739,1000000010111001100110110001100000100001110010001111
14740,100000001011100110011011000110000010000111001000111
14741,10000000101110011001101100011000001000011100100011
14742,100000001011100110011011000110000010000111001000001
14743,100000001011100110011011000110000010000111001000000101
14744,10000000101110011001101100011000001000011100100000010111
14745,1000000010111001100110110001100000100001110010000001011
14746,100000001011100110011011000110000010000111001000000110100111
14747,100000001011100110011011000110000010000111001000000110101
14748,1000000010111001100110110001100000100001110010000001101011
14749,10000000101110011001101100011000001000011100100000011011111
14750,1000000010111001100110110001100000100001110010000001101111
14751,1000000010111001100110110001100000100001110010000001101111111
14752,10000000101110011001101100011000001000011100100000011011111111
14753,100000001011100110011011000110000010000111001000000110111111
14754,10000000101110011001101100011000001000011100100000011011
14755,100000001011100110011011000110000010000111001000000110111
14756,1000000010111001100110110001100000100001110010000001111
14757,10000000101110011001101100011000001000011100100000011110
14758,100000001011100110011011000110000010000111001000000111100
14759,1000000010111001100110110001100000100001110010000001111000
14760,10000000101110011001101100011000001000011100100000011110000
14761,100000001011100110011011000110000010000111001000000111100000
14762,1000000010111001100110110001100000100001110010000001111000001
14763,10000000101110011001101100011000001000011100100000011110000011
14764,10000000101110011001101100011000001000011100100000011110001
14765,100000001011100110011011000110000010000111001000000111100010
14766,100000001011100110011011000110000010000111001000000111100011
14767,1000000010111001100110110001100000100001110010000001111000110
14768,1000000010111001100110110001100000100001110010000001111000111
14769,10000000101110011001101100011000001000011100100000011110001111
14770,100000001011100110011011000110000010000111001000000111100001
14771,100000001011100110011011000110000010000111001000000111100001101
14772,100000001011100110011011000110000010000111001000000111101
14773,1000000010111001100110110001100000100001110010000001111011
14774,10000000101110011001101100011000001000011100100000011111
14775,100000001011100110011011000110000010000111001000000111111
14776,10000000101110011001101100011000001000011100100001
14777,10000000101110011001101100011000001000011100101011111
14778,100000001011100110011011000110000010000111001010110111
14779,100000001011100110011011000110000010000111001010011111
14780,1000000010111001100110110001100000100001110010100111110
14781,10000000101110011001101100011000001000011100101001111101
14782,1000000010111001100110110001100000100001110010100111111
14783,100000001011100110011011000110000010000111001010011101
14784,100000001011100110011011000110000010000111001010011101111
14785,1000000010111001100110110001100000100001110010100111011111
14786,100000001011100110011011000110000010000111001010011101101
14787,10000000101110011001101100011000001000011100101001110110111
14788,1000000010111001100110110001100000100001110010100111011011
14789,1000000010111001100110110001100000100001110010111111
14790,10000000101110011001101100011000001000011100101111111
14791,10000000101110011001101100011000001000011100101111101
14792,100000001011100110011011000110000010000111001011111010
14793,1000000010111001100110110001100000100001110010111110101
14794,1000000010111001100110110001100000100001110010111110111
14795,100000001011100110011011000110000010000111001011111011
14796,1000000010111001100110110001100000100001110010111110001
14797,10000000101110011001101100011000001000011100101111100011111
14798,1000000010111001100110110001100000100001110010111110001111
14799,1000000010111001100110110001100000100001110010111110001101
14800,100000001011100110011011000110000010000111001011111001
14801,1000000010111001100110110001100000100001110010111110011
14802,1000000010111001100110110001100000100001110011
14803,10000000101110011001101100011000001000011100111
14804,100000001011100110011011000110000010000111001111
14805,1000000010111001100110110001100000100001110011111
14806,10000000101110011001101100011000001000011100111111
14807,10000000101110011001101100011000001000011111
14808,100000001011100110011011000110000010000111111
14809,100000001011100110011011000110000010000101
14810,1000000010111001100110110001100000100001011
14811,1000000010111001100110110001100000101
14812,10000000101110011001101100011000001011
14813,1000000010111001100110110001100011
14814,100000001011100110011011000110001111
14815,10000000101110011001101100011000111
14816,100000001011100110011011000110001
14817,1000000010111001100110110001101
14818,10000000101110011001101100011010
14819,100000001011100110011011000110101
14820,100000001011100110011011000110101111
14821,1000000010111001100110110001101011111
14822,10000000101110011001101100011010111
14823,1000000010111001100110110001101011
14824,10000000101110011001101100011010111110
14825,100000001011100110011011000110101111101
14826,1000000010111001100110110001101011111011
14827,10000000101110011001101100011010111111
14828,10000000101110011001101100011011
14829,100000001011100110011011000110111
14830,100000001011100110011011000111
14831,1000000010111001100110110001111
14832,10000000101110011001101100101
14833,100000001011100110011011001011
14834,100000001011100110011011001001111011101
14835,1000000010111001100110110010011110111011
14836,10000000101110011001101100100111101111101
14837,100000001011100110011011001001111011111011
14838,10000000101110011001101100100111101111111111
14839,1000000010111001100110110010011110111111
14840,1000000010111001100110110010011110111111111
14841,10000000101110011001101100100111101111111
14842,100000001011100110011011001001111011111111
14843,10000000101110011001101100100111111
14844,100000001011100110011011001001111111
14845,1000000010111001100110110010011111
14846,10000000101110011001101100100101
14847,100000001011100110011011001001010
14848,1000000010111001100110110010010100
14849,10000000101110011001101100100101111
14850,1000000010111001100110110010010111
14851,100000001011100110011011001001011
14852,100000001011100110011011001001011111
14853,1000000010111001100110110010010111111
14854,10000000101110011001101100100101111111
14855,100000001011100110011011001001011111111
14856,1000000010111001100110110010010101
14857,1000000010111001100110110011
14858,10000000101110011001101100111
14859,1000000010111001100110111
14860,10000000101110011001101111
14861,1000000010111001100111
14862,10000000101110011001110
14863,100000001011100110011100
14864,10000000101110011001110001
14865,1000000010111001100111000
14866,10000000101110011001111
14867,10000000101110011001111011
14868,100000001011100110011110
14869,1000000010111001100111101
14870,100000001011100110011110111
14871,1000000010111001100111101111
14872,100000001011100110011111
14873,10000000101110011001111101
14874,1000000010111001100111110
14875,10000000101110011001111111
14876,100000001011100110011111111
14877,1000000010111001100111111
14878,1000000010111001100111111111
14879,10000000101110011001111111111
14880,10000000101110011001110011
14881,1000000010111001100111001
14882,100000001011100110011101
14883,1000000010111001100111011
14884,1000000010111001101
14885,10000000101110011010
14886,100000001011100110100
14887,1000000010111001101000
14888,100000001011100110100011
14889,10000000101110011010001
14890,1000000010111001101000111
14891,10000000101110011011
14892,100000001011100110111
14893,1000000010111001101111
14894,10000000101110011011110
14895,1000000010111001101111001
14896,100000001011100110111100
14897,100000001011100110111101
14898,1000000010111001101111011
14899,10000000101110011011110111
14900,100000001011100110111101110
14901,100000001011100110111101111
14902,10000000101110011011111
14903,100000001011100110111110
14904,1000000010111001101111101
14905,10000000101110011011111011
14906,1000000010111001101111101101
14907,10000000101110011011111011011
14908,100000001011100110111110110
14909,100000001011100110111110110111
14910,100000001011100110111111
14911,1000000010111001101111111
14912,100000001011100110111110111
14913,1000000010111001101111101111
14914,1000000010111001101001
14915,10000000101110011010010
14916,100000001011100110100111
14917,10000000101110011010011
14918,1000000010111001101011
14919,10000000101110011010111
14920,100000001011100110101111
14921,100000001011100110101
14922,100000001011101
14923,100000001011
14924,10000001
14925,100001
14926,10001
14927,101
14928,101011
14929,1010111
14930,1010
14931,10101
14932,1011
14933,10110
14934,101101
14935,1011011
14936,10111
14937,101110
14938,101111
14939,1011111
14940,10111110
14941,101111100
14942,10111110100
14943,101111101001
14944,10111110101
14945,101111101010
14946,1011111010101
14947,101111101011
14948,10111111
14949,101111111
14950,1011111110
14951,10111111100111
14952,101111111001111
14953,1011111110011111
14954,10111111101
14955,1011111111
14956,10111111110
14957,101111111100
14958,1011111111001
14959,10111111111
14960,10111111111011
14961,101111111110
14962,1011111111101
14963,101111111111
14964,101111111101
14965,10111111110101
14966,101111111101011
14967,1000000011
14968,100000001
14969,10000000101110011001101100011000001000010
14970,10000000101110011001101100011000001000011
14971,1000000010111001100110110001100000100001
14972,10000000101110011001101100011000001000011100100000010
14973,100000001011100110011011000110000010000111001000000110
14974,10000000101110011001101100011000001000011100100000011
14975,100000001011100110011011000110000010000111001000000111
14976,1000000010111001100110110001100000100001110010000001
14977,1000000010111001100110110001100000100001110010000001101001
14978,10000000101110011001101100011000001000011100100000011010010
14979,10000000101110011001101100011000001000011100100000011010011
14980,100000001011100110011011001001
14981,1000000010111001100110110010010
14982,1000000010111001100110110010011
14983,1000000010111001100110110010011110111
14984,10000000101110011001101100100111101110
14985,10000000101110011001101100100111101111
14986,100000001011100110011011001001111011
14987,1000000010101001111010
14988,1000000010101001111011
14989,100000001010100111101
14990,1000000010111100110
14991,1000000010111100111
14992,100000001011110011
14993,100000001011100110011011000110000011010
14994,100000001011100110011011000110000011011
14995,10000000101110011001101100011000001101
14996,1000000010111001100110110001100000100001110010100111
14997,10000000101110011001101100011000001000011100101001110
14998,10000000101110011001101100011000001000011100101001111
14999,10000000101110011001101100011000001000011100101001110110
15000,10000000101110011001101100011000001000011100101001110111
15001,1000000010111001100110110001100000100001110010100111011
15002,10000000101110011001101100011000001000011100101111100011
15003,100000001011100110011011000110000010000111001011111000110
15004,100000001011100110011011000110000010000111001011111000111
15005,1000000010111001100110110001100000100001110010101101
15006,1000000010111001100110110001100000100001110010101111
15007,100000001011100110011011000110000010000111001010110
15008,100000001011100110011011000110000010000111001010111
15009,10000000101110011001101100011000001000011100101011
15010,10000000101110011001101100011000001000011100100000011110000110
15011,1000000010111001100110110001100000100001110010000001111000011
15012,10000000101110011001101100011000001000011100100000011110000111
15013,1000000010101010
15014,10000000101010101
15015,10000000101010111
15016,100000001010101
15017,1000000010101011
15018,10000000110
15019,100000001111
15020,10000000111
15021,1000000010111001100110110001100000100001110010000001111001
15022,100000001010101110
15023,100000001010101111
15024,1011111010
15025,1011111011
15026,101111101
14452,1
