rid,binaryID
1209,11111101011011100011110111001111111101011010
1210,111111010110111000111101110011111111010110100
1211,111111010110111000111101110011111111010110101
1212,11111101011011100011110111001111111101010
1213,1111110101101110001111011100111111110100
1214,11111101011011100011110111001111101
1215,111111010110111000111101110011111011
1216,1111110101101110001111011100111110111
1217,11111101011011100011110111001110
1218,1111110101101110001111011100111011
1219,111111010110111000111101110011101
1220,111111010110111000111101110011101111
1221,11111101011011100011110111001110111
1222,111111010110111000111101110010
1223,1111110101101110001111011100101
1224,1111110101101110001111011101111110110
1225,111111010110111000111101110111111011111
1226,11111101011011100011110111011111101111
1227,111111010110111000111101110111111111011100110101
1228,1111110101101110001111011101111111110111001101110
1229,111111010110111000111101110111111111011100110111011
1230,1111110101101110001111011101111111110111001101110110
1231,1111110101101110001111011101111111110111001101110111
1232,11111101011011100011110111011111111101110011011101
1233,11111101011011100011110111011111111101110011011111110
1234,111111010110111000111101110111111111011100110111111100
1235,1111110101101110001111011101111111110111001101111111001
1236,111111010110111000111101110111111111011100110111111101
1237,1111110101101110001111011101111111110111001101111111011
1238,111111010110111000111101110111111111011100110111111110
1239,1111110101101110001111011101111111110111001101111111100
1240,11111101011011100011110111011111111101110011011111111001
1241,1111110101101110001111011101111111110111001101111111100101
1242,111111010110111000111101110111111111011100110111111110010
1243,11111101011011100011110111011111111101110011011111111001011
1244,111111010110111000111101110111111111011100110111111110010111
1245,1111110101101110001111011101111111110111001101111111100101111
1246,1111110101101110001111011101111111110111001101111111101
1247,1111110101101110001111011101111111110111001101111111100111
1248,111111010110111000111101110111111111011100110111111110011
1249,111111010110111000111101110111111111011100110111111111101
1250,1111110101101110001111011101111111110111001101111111111011
1251,11111101011011100011110111011111111101110011011111111110
1252,1111011101101
1253,111101110110
1254,11110111011
1255,111101110111
1256,1111011101111
1257,11110111011111
1258,11110111011111101
1259,1111011101111111111
1260,111101110111111111
1261,11110111011111111111
1262,111101110111111111110
1263,1111011101111111111101
1264,11110111011111111111011
1265,1111011101111111111101110111
1266,11110111011111111111011101
1267,111101110111111111110111011
1268,11110111011111111111011101110
1269,111101110111111111110111011101011
1270,11110111011111111111011101110101111011
1271,11110111011111111111011101110101111011011
1272,111101110111111111110111011101011110110
1273,1111011101111111111101110111010111101101
1274,11110111011111111111111
1275,111101110111111111111
1276,1111011101111111111111
1277,111101110111111111111111
1278,11110111011111111111011111
1279,111101110111111111110111111
1280,1111011101111111111101111111
1281,111101110111111111110111111111
1282,1111011101111111111101111111111
1283,11110111011111111111011111111111
1284,11110111011111111111011111111
1285,111101110111111111110111011101101
1286,1111011101111111111101110111011011
1287,111101110111111111110111011101111
1288,111101110111111111110111011101111101
1289,1111011101111111111101110111011111010
1290,11110111011111111111011101110111110100
1291,111101110111111111110111011101111101000
1292,1111011101111111111101110111011111010000
1293,11110111011111111111011101110111110100000
1294,111101110111111111110111011101111101000000
6990,111111010110111000111101110111111111011100111111011111011101101111111111111100110010101111111111111111011101111111111101111111111
6991,111111010110111000111101110111111111011100111111011111011101101111111111111100110010101111111111111111011101111111111101111111
6992,1111110101101110001111011101111111110111001111110111110111011011111111111111001100101011111111111111110111011111111111011111111
6993,11111101011011100011110111011111111101110011111101111101110110111111111111110011001010111111111111111101110111111111110111111111
10604,11111101111
10605,11111101111101
10606,111111011111010
10607,1111110111110100
10608,11111101111101000
10609,11111101111101000101
10610,111111011111010001011
10611,1111110111110100010111
10612,11111101111101000101111
10613,111111011111010001011110
10614,1111110111
10615,1111110101100
10616,1111110101101110
10617,11111101011011100
10618,111111010110111000
10619,1111110101101110001
10620,11111101011011100011
10621,111111010110111000111101110
10622,11111101011011100011110111001
10623,1111110101101110001111011100
10624,111111010110111000111101110011
10625,1111110101101110001111011100111
10626,11111101011011100011110111001111
10627,11111101011011100011110111001111111
10628,111111010110111000111101110011111111
10629,11111101011011100011110111001111111101
10630,111111010110111000111101110011111111010
10631,1111110101101110001111011100111111110101
10632,11111101011011100011110111001111111101011
10633,111111010110111000111101110011111111010110
10634,11111101011011100011110111001111111101011001
10635,111111010110111000111101110011111111010110011
10636,1111110101101110001111011100111111110101100
10637,1111110101101110001111011100111111110101100111
10638,111111010110111000111101110111111
10639,1111110101101110001111011101111110
10640,111111010110111000111101110111111011
10641,11111101011011100011110111011111101
10642,1111110101101110001111011101111110111
10643,111111010110111000111101110111111111
10644,1111110101101110001111011101111111110
10645,1111110101101110001111011101111111110111
10646,11111101011011100011110111011111111101110
10647,111111010110111000111101110111111111011100
10648,11111101011011100011110111011111111101110011
10649,111111010110111000111101110111111111011100110
10650,1111110101101110001111011101111111110111001101
10651,11111101011011100011110111011111111101110011010
10652,111111010110111000111101110111111111011100110111
10653,11111101011011100011110111011111111101110011011111111
10654,111111010110111000111101110111111111011100110111111111
10655,1111110101101110001111011101111111110111001101111111111
10656,1111110101101110001111011101111111110111001101111111111111
10657,11111101011011100011110111011111111101110011011111111111110
10658,111111010110111000111101110111111111011100110111111111111101
10659,1111110101101110001111011101111111110111001101111111111111011
10660,11111101011011100011110111011111111101110011011111111111110111
10661,111111010110111000111101110111111111011100110111111111111101111
10662,11111101011011100011110111011111111101110011011111111111110111111111
10663,1111110101101110001111011101111111110111001101111111111111011111111
10664,1111110101101110001111011101111111110111001101111111111111011111
10665,111111010110111000111101110111111111011100110111111111111101111111
10666,11111101011011100011110111011111111101110011011111111111110111111
10667,1111110101101110001111011101111111110111001101111111111111011111111101
10668,111111010110111000111101110111111111011100110111111111111101111111110
10669,1111110101101110001111011101111111110111001111
10670,11111101011011100011110111011111111101110011110
10671,111111010110111000111101110111111111011100111111
10672,1111110101101110001111011101111111110111001111110
10673,111111010110111000111101110111111111011100111111011
10674,11111101011011100011110111011111111101110011111101111
10675,111111010110111000111101110111111111011100111111011111011
10676,1111110101101110001111011101111111110111001111110111110111
10677,11111101011011100011110111011111111101110011111101111101110
10678,111111010110111000111101110111111111011100111111011111011100
10679,1111110101101110001111011101111111110111001111110111110111011
10680,11111101011011100011110111011111111101110011111101111101110110
10681,111111010110111000111101110111111111011100111111011111011101101
10682,1111110101101110001111011101111111110111001111110111110111011011
10683,11111101011011100011110111011111111101110011111101111101110110111
10684,11111101011011100011110111011111111101110011111101111101110110111111
10685,111111010110111000111101110111111111011100111111011111011101101111
10686,1111110101101110001111011101111111110111001111110111110111011011111
10687,111111010110111000111101110111111111011100111111011111011101101111111111011
10688,111111010110111000111101110111111111011100111111011111011101101111111111011111
10689,1111110101101110001111011101111111110111001111110111110111011011111111110111110
10690,11111101011011100011110111011111111101110011111101111101110110111111111101111101
10691,111111010110111000111101110111111111011100111111011111011101101111111111011111011
10692,1111110101101110001111011101111111110111001111110111110111011011111111110111110111100101
10693,1111110101101110001111011101111111110111001111110111110111011011111111110111110111100101111
10694,111111010110111000111101110111111111011100111111011111011101101111111111011111011110010111111
10695,11111101011011100011110111011111111101110011111101111101110110111111111101111101111001011111
10696,1111110101101110001111011101111111110111001111110111110111011011111111110111110111100101111110
10697,111111010110111000111101110111111111011100111111011111011101101111111111111
10698,1111110101101110001111011101111111110111001111110111110111011011111111111111
10699,11111101011011100011110111011111111101110011111101111101110110111111111111110
10700,111111010110111000111101110111111111011100111111011111011101101111111111111100
10701,11111101011011100011110111011111111101110011111101111101110110111111111111110011
10702,111111010110111000111101110111111111011100111111011111011101101111111111111100110
10703,1111110101101110001111011101111111110111001111110111110111011011111111111111001100
10704,11111101011011100011110111011111111101110011111101111101110110111111111111110011000
10705,111111010110111000111101110111111111011100111111011111011101101111111111111100110001
10706,11111101011011100011110111011111111101110011111101111101110110111111111111110011000101
10707,1111110101101110001111011101111111110111001111110111110111011011111111111111001100010
10708,111111010110111000111101110111111111011100111111011111011101101111111111111100110001011
10709,1111110101101110001111011101111111110111001111110111110111011011111111111111001100010111
10710,111111010110111000111101110111111111011101
10711,1111110101101110001111011101111111110111010
10712,11111101011011100011110111011111111101110101
10713,111111010110111000111101110111111111011101011
10714,1111110101101110001111011101111111110111010111
10715,111111010110111000111101110111111111011101011101
10716,11111101011011100011110111011111111101110101110
10717,1111110101101110001111011101111111110111010111010
10718,11111101011011100011110111011111111101110011111101111101110110111111111111110011001010111111111111111101111111111
10719,1111110101101110001111011101111111110111001111110111110111011011111111111111001100101011111111111111110111111011
10720,111111010110111000111101110111111111011100111111011111011101101111111111111100110010101111111111111111011111101
10721,1111110101101110001111011101111111110111001111110111110111011011111111110111110111100111111
10722,111111010110111000111101110111111111011100111111011111011101101111111111011111011110011111
10723,1111110101101110001111011101111111110111001111110111110111011011111111110111110111100111
10724,111111010110111000111101110111111111011100111111011111011101101111111111111100110010101111111111111111011111
10725,1111110101101110001111011100111111110101100111110
10726,11111101011011100011110111001111111101011001111101
10727,111111010110111000111101110011111111010110011111011
10728,1111110101101110001111011100111111110101100111110110
10729,11111101011011100011110111001111111101011001111101101
10730,111111010110111000111101110011111111010110011111011011
10731,1111110101101110001111011100111111110101100111110110111
10732,1111110101101110001111011100111111110101100111110111
10733,1111110101101110001111011100111111110101100111111
10734,11111101011011100011110111001111111101011001111110
10735,11111101011011100011110111001111111101011001111111
10736,111111010110111000111101110011111111010110011111111
10737,111111010110111000111101110111111111011100111111011111011101101111111111111100110010100111111
10738,1111110101101110001111011101111111110111001111110111110111011011111111111111001100101001111111
10739,111111010110111000111101110111111111011100111111011111011101101111111111111100110010100111
10740,11111101011011100011110111011111111101110011111101111101110110111111111111110011001010011111111
10741,11111101011011100011110111011111111101110011111101111101110110111111111111110011001010011111
10742,1111110101101110001111011101111111110111001111110111110111011011111111111111001100101001111
10743,11111101011011100011110111011111111101110011111101111101110110111111111111110011001010011111111101
10744,111111010110111000111101110111111111011100111111011111011101101111111111111100110010100111111111011
10745,1111110101101110001111011101111111110111001111110111110111011011111111111111001100101001111111110111
10746,11111101011011100011110111011111111101110011111101111101110110111111111111110011001010011111111101110
10747,111111010110111000111101110111111111011100111111011111011101101111111111111100110010100111111111011101
10748,1111110101101110001111011101111111110111001111110111110111011011111111111111001100101001111111110111011
10749,11111101011011100011110111011111111101110011111101111101110110111111111111110011001010011111111101110111001111
10750,111111010110111000111101110111111111011100111111011111011101101111111111111100110010100111111111011101110011
10751,1111110101101110001111011101111111110111001111110111110111011011111111111111001100101001111111110111011100111
10752,11111101011011100011110111011111111101110011111101111101110110111111111111110011001010011111111101110111001
10753,11111101011011100011110111011111111101110011111101111101110110111111111111110011001010011111111111
10754,111111010110111000111101110111111111011100111111011111011101101111111111111100110010100111111111111
10755,1111110101101110001111011101111111110111001111110111110111011011111111111111001100101001111111110111111
10756,11111101011011100011110111011111111101110011111101111101110110111111111111110011001010011111111101111
10757,111111010110111000111101110111111111011100111111011111011101101111111111111100110010100111111111011111
10758,1111110101101110001111011101111111110111001111110111110111011011111111111111001100101001111111110111011111
10759,11111101011011100011110111011111111101110011111101111101110110111111111111110011001010011111111101110111111
10760,11111101011011100011110111011111111101110011111101111101110110111111111111110011001010011111111101110111011
10761,111111010110111000111101110111111111011100111111011111011101101111111111111100110010101111111111111111011101111111
10762,1111110101101110001111011101111111110111001111110111110111011011111111111111001100101011111111111111110111011111111
10763,11111101011011100011110111011111111101110011111101111101110110111111111111110011001010111111111111111101110111111111
10764,111111010110111000111101110111111111011100111111011111011101101111111111111100110010101111111111111111011101111111111
10765,1111110101101110001111011101111111110111001111110111110111011011111111111111001100101011111111111111110111011111111111
10766,11111101011011100011110111011111111101110011111101111101110110111111111111110011001010111111111111111101110111111111110
10767,111111010110111000111101110111111111011100111111011111011101101111111111111100110010101111111111111111011101111111111101
10768,1111110101101110001111011101111111110111001111110111110111011011111111111111001100101011111111111111110111011111111111011
10769,11111101011011100011110111011111111101110011111101111101110110111111111111110011001010111111111111111101110111111111110111
10770,111111010110111000111101110111111111011100111111011111011101101111111111111100110010101111111111111111011101111111111101111
10771,111111010110111000111101110111111111011100111111011111011101101111111111111100110010101111111111111111011101111111111101111101
10772,11111101011011100011110111011111111101110011111101111101110110111111111111110011001010111111111111111101110111111111111
10773,11111101111111
10774,1111110111110101
10775,11111101111101001
10776,111111011111010001011111111
10777,1111110111110100010111111111
10778,1111110111110100010111111
10779,11111101111101000101111111
10780,111111011111010001011111
10781,1111110111110100010111101110111
10782,11111101111101000101111011101111
10783,11111101111101000101111011111
10784,111111011111010001011110111111
10785,1111110111110100010111101111111
10786,11111101111101000101111011111110
10787,111111011111010001011110111111100
10788,1111110111110100010111101111111001
10789,11111101111101000101111011111110011
10790,111111011111010001011110111111100111
10791,1111110111110100010111101111111001110
10792,111111011111010001011110111111100111111111111
10793,1111110111110100010111101111111001111111111
10794,1111110111110100010111101111111001111111
10795,11111101111101000101111011111110011111111
10796,11111101111101000101111011111110011111111111
10797,111111011111010001011110111111100111111111
10798,1111110111110100010111101111111001111111111110
10799,11111101111101000101111011111110011111111111101
10800,1111110111110100010111101111111001111111111111
10801,11111101111101000101111011111110011111111111110
10802,11111101111101000101111011111110011111111111110101
10803,11111101111101000101111011111110011111111111111
10804,11111101111101000101111011111110011111111111110111
10805,111111011111010001011110111111100111111111111101111
10806,111111011111010001011110111111101
10807,1111110111110100010111101111111011
10808,11111101111101000101111011111111
10809,111111011111010001011110111111110
10810,1111110111110100010111101111111100
10811,11111101111101000101111011111111000
10812,111111011111010001011110111111111
10813,11111101111101000101111011111111011
10814,1111110111110100010111101111111101
10815,111111011111010001011110111111110011
10816,11111101111101000101111011111111001
10817,1111110111110100010111101110011
10818,111111011111010001011110111001111111
10819,11111101111101000101111011100111
10820,1111110111110100010111101110011111
10821,111111011111010001011110111001111
10822,11111101111101000101111011100111111
10823,1111110111110100010111101110011111110
10824,11111101111101000101111011100111111100
10825,11111101111101000101111011100111111101
10826,1111110111110100010111101110011111111
10827,11111101111101000101111011011
10828,1111110111110100010111101101
10829,11111101111101000111
10830,111111011111011
10831,11111101011001
10832,111111010110011
10833,1111110101100111
10834,1111110101101111
10835,11111101011011111
10836,111111010110111111
10837,1111110101101111111
10838,111111010110111001
10839,1111110101101110001110111
10840,11111101011011100011101
10841,111111010110111000111011111
10842,11111101011011100011101111
10843,111111010110111000111011
10844,1111110101101110001110111110
10845,11111101011011100011101111101
10846,111111010110111000111011111011
10847,1111110101101110001110111111
10848,111111010110111000111111
10849,1111110101101110001111111
10850,111111010110111000111101111
10851,1111110101101110001111011111
10852,11111101011011100011110111111
10853,11111101011011100011110111001111111111
10854,111111010110111000111101110011111111011
10855,1111110101101110001111011100111111110111
10856,1111110101101110001111011100111111110101111
10857,11111101011011100011110111001111111101011111
10858,111111010110111000111101110011111111010111111
10859,111111010110111000111101110011111111010111
10860,1111110101101110001111011100111111110101101
10861,11111101011011100011110111001111111101011011
10862,111111010110111000111101110011111111010110111
10863,11111101011011100011110111011111111101110011011111111111111
10864,111111010110111000111101110111111111011100110111111111111110
10865,1111110101101110001111011101111111110111001101111111111111101
10866,11111101011011100011110111011111111101110011011111111111111011
10867,111111010110111000111101110111111111011100110111111111111111
10868,111111010110111000111101110111111111011100110111111111111101111111111
10869,1111110101101110001111011101111111110111001101111111111111011111111111
10870,111111010110111000111101110111111111011100110111110
10871,1111110101101110001111011101111111110111001101111101
10872,11111101011011100011110111011111111101110011011
10873,11111101011011100011110111011111111101110011110111
10874,1111110101101110001111011101111111110111001111011
10875,1111110101101110001111011101111111110111001111110111110111001
10876,11111101011011100011110111011111111101110011111101111101110011
10877,11111101011011100011110111011111111101110011111101111101110110111111111111
10878,11111101011011100011110111011111111101110011111101111101110110111111111111111
10879,111111010110111000111101110111111111011100111111011111011101101111111111111100110110111111
10880,111111010110111000111101110111111111011100111111011111011101101111111111111100110110111
10881,11111101011011100011110111011111111101110011111101111101110110111111111111110011011011111
10882,1111110101101110001111011101111111110111001111110111110111011011111111111111001101101111
10883,1111110101101110001111011101111111110111001111110111110111011011111111111111001101101111111
10884,11111101011011100011110111011111111101110011111101111101110110111111111111110011011111111
10885,111111010110111000111101110111111111011100111111011111011101101111111111111100110111111111111
10886,1111110101101110001111011101111111110111001111110111110111011011111111111111001101111111111111
10887,111111010110111000111101110111111111011100111111011111011101101111111111111100110111111111
10888,11111101011011100011110111011111111101110011111101111101110110111111111111110011011111111111111
10889,11111101011011100011110111011111111101110011111101111101110110111111111111110011011111111111
10890,1111110101101110001111011101111111110111001111110111110111011011111111111111001101111111111
10891,11111101011011100011110111011111111101110011111101111101110110111111111111110011001
10892,111111010110111000111101110111111111011100111111011111011101101111111111111100110010
10893,1111110101101110001111011101111111110111001111110111110111011011111111111111001100101
10894,11111101011011100011110111011111111101110011111101111101110110111111111111110011001010
10895,111111010110111000111101110111111111011100111111011111011101101111111111111100110010100
10896,1111110101101110001111011101111111110111001111110111110111011011111111111111001100101000
10897,11111101011011100011110111011111111101110011111101111101110110111111111111110011001010001
10898,111111010110111000111101110111111111011100111111011111011101101111111111111100110010101
10899,1111110101101110001111011101111111110111001111110111110111011011111111111111001100101011
10900,11111101011011100011110111011111111101110011111101111101110110111111111111110011001010111
10901,111111010110111000111101110111111111011100111111011111011101101111111111111100110010101111
10902,1111110101101110001111011101111111110111001111110111110111011011111111111111001100101011111
10903,1111110101101110001111011101111111110111001111110111110111011011111111111111001100101011111111
10904,11111101011011100011110111011111111101110011111101111101110110111111111111110011001010111111111111
10905,111111010110111000111101110111111111011100111111011111011101101111111111111100110010101111111111
10906,1111110101101110001111011101111111110111001111110111110111011011111111111111001100101011111111111
10907,11111101011011100011110111011111111101110011111101111101110110111111111111110011001010111111111
10908,111111010110111000111101110111111111011100111111011111011101101111111111111100110010101111111111111
10909,11111101011011100011110111011111111101110011111101111101110110111111111111110011001010111111111111101
10910,1111110101101110001111011101111111110111001111110111110111011011111111111111001100101011111111111110
10911,111111010110111000111101110111111111011100111111011111011101101111111111111100110010101111111111111011
10912,111111010110111000111101110111111111011100111111011111011101101111111111111100110010101111111111111011011
10913,11111101011011100011110111011111111101110011111101111101110110111111111111110011001010111111111111101101
10914,1111110101101110001111011101111111110111001111110111110111011011111111111111001100101011111111111110110
10915,111111010110111000111101110111111111011100111111011111011101101111111111111100110010101111111111111011011101
10916,1111110101101110001111011101111111110111001111110111110111011011111111111111001100101011111111111110110111011
10917,11111101011011100011110111011111111101110011111101111101110110111111111111110011001010111111111111101101110111
10918,111111010110111000111101110111111111011100111111011111011101101111111111111100110010101111111111111011011101110
10919,1111110101101110001111011101111111110111001111110111110111011011111111111111001100101011111111111110110111011101
10920,11111101011011100011110111011111111101110011111101111101110110111111111111110011001010111111111111101101110111011
10921,111111010110111000111101110111111111011100111111011111011101101111111111111100110010101111111111111011011101110111
10922,1111110101101110001111011101111111110111001111110111110111011011111111111111001100101011111111111110110111011111
10923,111111010110111000111101110111111111011100111111011111011101101111111111111100110010101111111111111011011101111
10924,111111010110111000111101110111111111011100111111011111011101101111111111111100110010101111111111111011011111
10925,111111010110111000111101110111111111011100111111011111011101101111111111111100110010101111111111111011111
10926,11111101011011100011110111011111111101110011111101111101110110111111111111110011001010111111111111101111
10927,111111010110111000111101110111111111011100111111011111011101101111111111111100110010101111111111111011111111
10928,1111110101101110001111011101111111110111001111110111110111011011111111111111001100101011111111111110111111
10929,1111110101101110001111011101111111110111001111110111110111011011111111111111001100101011111111111110111
10930,11111101011011100011110111011111111101110011111101111101110110111111111111110011001010111111111111101111111
10931,1111110101101110001111011101111111110111001111110111110111011011111111111111001100101011111111111110111111111
10932,1111110101101110001111011101111111110111001111110111110111011011111111111111001100101011111111111111
10933,11111101011011100011110111011111111101110011111101111101110110111111111111110011001010111111111111111
10934,11111101011011100011110111011111111101110011111101111101110110111111111111110011001010111111111111111101
10935,111111010110111000111101110111111111011100111111011111011101101111111111111100110010101111111111111111111
10936,1111110101101110001111011101111111110111001111110111110111011011111111111111001100101011111111111111111111
10937,11111101011011100011110111011111111101110011111101111101110110111111111111110011001010111111111111111111111
10938,111111010110111000111101110111111111011100111111011111011101101111111111111100110010101111111111111111111111
10939,111111010110111000111101110111111111011100111111011111011101101111111111111100110010101111111111111111101
10940,1111110101101110001111011101111111110111001111110111110111011011111111111111001100101011111111111111111011
10941,111111010110111000111101110111111111011100111111011111011101101111111111111100110010101111111111111111101111
10942,11111101011011100011110111011111111101110011111101111101110110111111111111110011001010111111111111111110111
10943,111111010110111000111101110111111111011100111111011111011101101111111111111100110010101111111111111111101111111
10944,11111101011011100011110111011111111101110011111101111101110110111111111111110011001010111111111111111110111111101
10945,1111110101101110001111011101111111110111001111110111110111011011111111111111001100101011111111111111111011111110
10946,1111110101101110001111011101111111110111001111110111110111011011111111111111001100101011111111111111111011111111
10947,11111101011011100011110111011111111101110011111101111101110110111111111111110011001010111111111111111110111111111
10948,1111110101101110001111011101111111110111001111110111110111011011111111111111001100101011111101
10949,111111010110111000111101110111111111011100111111011111011101101111111111111100110011
10950,11111101011011100011110111011111111101110011111101111101110110111111111111110011001101
10951,1111110101101110001111011101111111110111001111110111110111011011111111111111001100110
10952,1111110101101110001111011101111111110111001111110111110111011011111111111111001100111
10953,11111101011011100011110111011111111101110011111101111101110110111111111111110011000111
10954,111111010110111000111101110111111111011100111111011111011101101111111111111100110001111
10955,1111110101101110001111011101111111110111001111110111110111011011111111111111001100011
10956,11111101011011100011110111011111111101110011111101111101110110111111111111110011000101111
10957,11111101011011100011110111011111111101110011111101111101110110111111111111110011000101111111
10958,111111010110111000111101110111111111011100111111011111011101101111111111111100110001011111111111
10959,111111010110111000111101110111111111011100111111011111011101101111111111111100110001011111
10960,1111110101101110001111011101111111110111001111110111110111011011111111111111001100010111111111
10961,111111010110111000111101110111111111011100111111011111011101101111111111111100110001011111111
10962,1111110101101110001111011101111111110111001111110111110111011011111111111111001100010111111
10963,11111101011011100011110111011111111101110011111101111101110110111111111111110011000101111111111
10964,1111110101101110001111011101111111110111001111110111110111011011111111111111001100010111111111111
10965,11111101011011100011110111011111111101110011111101111101110110111111111111110011000101111111111111
10966,111111010110111000111101110111111111011100111111011111011101101111111111111100110001011111111111111
10967,1111110101101110001111011101111111110111001111110111110111011011111111111111001100010111111111111111
10968,111111010110111000111101110111111111011100111111011111011101101111111111111100110001011111111111111111
10969,1111110101101110001111011101111111110111001111110111110111011011111111111111001100010111111111111111111
10970,11111101011011100011110111011111111101110011111101111101110110111111111111110011000101111111111111111
10971,111111010110111000111101110111111111011100111111011111011101101111111111111100111
10972,1111110101101110001111011101111111110111001111110111110111011011111111111111001111
10973,1111110101101110001111011101111111110111001111110111110111011011111111111111001
10974,111111010110111000111101110111111111011100111111011111011101101111111111111101111
10975,1111110101101110001111011101111111110111001111110111110111011011111111111111011111
10976,11111101011011100011110111011111111101110011111101111101110110111111111111110111111
10977,1111110101101110001111011101111111110111001111110111110111011011111111111111011011111
10978,11111101011011100011110111011111111101110011111101111101110110111111111111110110
10979,111111010110111000111101110111111111011100111111011111011101101111111111111101101
10980,11111101011011100011110111011111111101110011111101111101110110111111111111110110111
10981,1111110101101110001111011101111111110111001111110111110111011011111111111111011011
10982,111111010110111000111101110111111111011100111111011111011101101111111111111101101111
10983,11111101011011100011110111011111111101110011111101111101110110111111111111110110111111
10984,1111110101101110001111011101111111110111001111110111110111011011111111110111111
10985,1111110101101110001111011101111111110111001111110111110111011011111111110111111111
10986,111111010110111000111101110111111111011100111111011111011101101111111111011111111111
10987,111111010110111000111101110111111111011100111111011111011101101111111111011111111
10988,11111101011011100011110111011111111101110011111101111101110110111111111101111111
10989,11111101011011100011110111011111111101110011111101111101110110111111111101111111111
10990,11111101011011100011110111011111111101110011111101111101110110111111111101111111111101
10991,1111110101101110001111011101111111110111001111110111110111011011111111110111111111110
10992,111111010110111000111101110111111111011100111111011111011101101111111111011111111111011
10993,1111110101101110001111011101111111110111001111110111110111011011111111110111111111110111
10994,11111101011011100011110111011111111101110011111101111101110110111111111101111111111101111
10995,1111110101101110001111011101111111110111001111110111110111011011111111110111111111111
10996,11111101011011100011110111011111111101110011111101111101110110111111111101111101111111
10997,1111110101101110001111011101111111110111001111110111110111011011111111110111110111111
10998,11111101011011100011110111011111111101110011111101111101110110111111111101111101111011
10999,1111110101101110001111011101111111110111001111110111110111011011111111110111110111100101111111
11000,1111110101101110001111011101111111110111001111110111110111011011111111110111110111100101101
11001,111111010110111000111101110111111111011100111111011111011101101111111111011111011110010110111
11002,11111101011011100011110111011111111101110011111101111101110110111111111101111101111001011011
11003,1111110101101110001111011101111111110111001111110111110111011011111111110111110111100101101111
11004,11111101011011100011110111011111111101110011111101111101110110111111111101111101111001011011111
11005,111111010110111000111101110111111111011100111111011111011101101111111111011111011110010110111111
11006,1111110101101110001111011101111111110111001111110111110111011011111111110111110111100101101111111
11007,111111010110111000111101110111111111011100111111011111011101101111111111011111011110001
11008,1111110101101110001111011101111111110111001111110111110111011011111111110111110111100011
11009,111111010110111000111101110111111111011100111111011111011101101111111111011111011101
11010,111111010110111000111101110111111111011100111111011111011101101111111111011101
11011,111111010110111000111101110111111111011100111111011111011101111
11012,11111101011011100011110111011111111101110011111101111101110111
11013,111111010110111000111101110111111111011100111111011111011101
11014,11111101011011100011110111011111111101110011111101111101111
11015,111111010110111000111101110111111111011100111111011111011111
11016,11111101011011100011110111011111111101110011111101111111
11017,1111110101101110001111011101111111110111001111110111111111
11018,11111101011011100011110111011111111101110011111101111111111
11019,111111010110111000111101110111111111011100111111011111111
11020,1111110101101110001111011101111111110111001111110111
11021,11111101011011100011110111011111111101110011111101
11022,1111110101101110001111011101111111110111001111111
11023,11111101011011100011110111011111111101110011111111
11024,111111010110111000111101110111111111011100111111111
11025,1111110101101110001111011101111111110111001111111110
11026,11111101011011100011110111011111111101110011111111101
11027,111111010110111000111101110111111111011100111111111011
11028,111111010110111000111101110111111111011100111111111011111
11029,111111010110111000111101110111111111011100111111111011111111
11030,1111110101101110001111011101111111110111001111111110111111111
11031,11111101011011100011110111011111111101110011111111101111111111
11032,111111010110111000111101110111111111011100111111111011111111110
11033,111111010110111000111101110111111111011100111111111011111111110101
11034,1111110101101110001111011101111111110111001111111110111111111101010
11035,11111101011011100011110111011111111101110011111111101111111111010100
11036,11111101011011100011110111011111111101110011111111101111111111010100011
11037,111111010110111000111101110111111111011100111111111011111111110101000
11038,1111110101101110001111011101111111110111001111111110111111111101010001
11039,111111010110111000111101110111111111011100111111111011111111110101000110
11040,1111110101101110001111011101111111110111001111111110111111111101010001100
11041,11111101011011100011110111011111111101110011111111101111111111010100011000
11042,111111010110111000111101110111111111011100111111111011111111110101000110001
11043,1111110101101110001111011101111111110111001111111110111111111101010001100011
11044,111111010110111000111101110111111111011100111111111011111111110101000110001110011
11045,11111101011011100011110111011111111101110011111111101111111111010100011000111001
11046,11111101011011100011110111011111111101110011111111101111111111010100011000111001111
11047,1111110101101110001111011101111111110111001111111110111111111101010001100011100111
11048,11111101011011100011110111011111111101110011111111101111111111010100011000111001111011111
11049,1111110101101110001111011101111111110111001111111110111111111101010001100011100111101
11050,111111010110111000111101110111111111011100111111111011111111110101000110001110011110
11051,11111101011011100011110111011111111101110011111111101111111111010100011000111001111011
11052,111111010110111000111101110111111111011100111111111011111111110101000110001110011110111
11053,1111110101101110001111011101111111110111001111111110111111111101010001100011100111101111
11054,111111010110111000111101110111111111011100111111111011111111110101000110001110011110111111
11055,111111010110111000111101110111111111011100111111111011111111110111
11056,1111110101101110001111011101111111110111001111111110111111111101110
11057,11111101011011100011110111011111111101110011111111101111111111011101
11058,1111110101101110001111011101111111110111001111111110111111111101111
11059,1111110101101110001111011101111111110111001111111110111111111101010011
11060,111111010110111000111101110111111111011100111111111011111111110101001
11061,11111101011011100011110111011111111101110011111111101111111111010100011001
11062,111111010110111000111101110111111111011100111111111011111111110101000110010
11063,1111110101101110001111011101111111110111001111111110111111111101010001100101
11064,11111101011011100011110111011111111101110011111111101111111111010100011001011
11065,111111010110111000111101110111111111011100111111111011111111110101000110010111
11066,111111010110111000111101110111111111011100111111111011111111110101000110011
11067,1111110101101110001111011101111111110111001111111110111111111101010001100011111
11068,11111101011011100011110111011111111101110011111111101111111111010100011000111011
11069,111111010110111000111101110111111111011100111111111011111111110101000110001110011111
11070,1111110101101110001111011101111111110111001111111110111111111101010001101
11071,11111101011011100011110111011111111101110011111111101111111111010100011011101
11072,111111010110111000111101110111111111011100111111111011111111110101000110111011
11073,1111110101101110001111011101111111110111001111111110111111111101010001101101
11074,11111101011011100011110111011111111101110011111111101111111111010100011011011
11075,111111010110111000111101110111111111011100111111111011111111110101000111
11076,11111101011011100011110111011111111101110011111111101111111111010101
11077,111111010110111000111101110111111111011100111111111011111111110101010
11078,111111010110111000111101110111111111011100111111111011111111110101010011
11079,1111110101101110001111011101111111110111001111111110111111111101010100
11080,11111101011011100011110111011111111101110011111111101111111111010101001
11081,1111110101101110001111011101111111110111001111111110111111111101010100111
11082,111111010110111000111101110111111111011100111111111011111111110101011111
11083,111111010110111000111101110111111111011100111111111011111111110101011
11084,11111101011011100011110111011111111101110011111111101111111111010101111
11085,1111110101101110001111011101111111110111001111111110111111111101010111
11086,11111101011011100011110111011111111101110011111111101111111111010101011
11087,1111110101101110001111011101111111110111001111111110111111111101010101
11088,111111010110111000111101110111111111011100111111111011111111110101111
11089,1111110101101110001111011101111111110111001111111110111111111101011
11090,11111101011011100011110111011111111101110011111111101111111111010111
11091,1111110101101110001111011101111111110111001111111110111111111111
11092,111111010110111000111101110111111111011100111111111011111111111
11093,111111010110111000111101110111111111011100111111111011111101
11094,1111110101101110001111011101111111110111001111111110111111011
11095,11111101011011100011110111011111111101110011111111101111110111
11096,111111010110111000111101110111111111011100111111111011111101111000111
11097,1111110101101110001111011101111111110111001111111110111111011110001
11098,11111101011011100011110111011111111101110011111111101111110111100011
11099,1111110101101110001111011101111111110111001111111110111111011110001111
11100,11111101011011100011110111011111111101110011111111101111110111100011111
11101,111111010110111000111101110111111111011100111111111011111101111000111111
11102,111111010110111000111101110111111111011100111111111011111101111111
11103,11111101011011100011110111011111111101110011111111101111110111111
11104,111111010110111000111101110111111111011100111111111011111101111011111
11105,1111110101101110001111011101111111110111001111111110111111011110111
11106,111111010110111000111101110111111111011100111111111011111101111011
11107,11111101011011100011110111011111111101110011111111101111110111101111
11108,1111110101101110001111011101111111110111001111111110111111011110111111
11109,11111101011011100011110111011111111101110011111111101111110111101111111
11110,111111010110111000111101110111111111011100111111111011111101111011111111
11111,1111110101101110001111011101111111110111001111111110111111011110011
11112,11111101011011100011110111011111111101110011111111101111110111100111
11113,1111110101101110001111011101111111110111001111111110111111011110011111
11114,111111010110111000111101110111111111011100111111111011111101111001111
11115,111111010110111000111101110111111111011100111111111011101
11116,1111110101101110001111011101111111110111001111111110111011
11117,1111110101101110001111011101111111110111001111111111
11118,111111010110111000111101110111111111011100111111111111
11119,1111110101101110001111011101111111110111001111111111111
11120,11111101011011100011110111011111111101110011111111111
11121,1111110101101110001111011101111111110111001111111111111101
11122,111111010110111000111101110111111111011100111111111111110111
11123,11111101011011100011110111011111111101110011111111111111011
11124,11111101011011100011110111011111111101110011111111111111111
11125,1111110101101110001111011101111111110111001111111111111111
11126,1111110101101110001111011101111111110111001111111111111111111
11127,111111010110111000111101110111111111011100111111111111111111
11128,11111101011011100011110111011111111101110011111111111111111110
11129,11111101011011100011110111011111111101110011111111111111111111
11130,11111101011011100011110111011111111101110011111
11131,111111010110111000111101110111111111011100111
11132,1111110101101110001111011101111111110111001
11133,1111110101101110001111011101111111110111011
11134,1111110101101110001111011101111111110111010111011
11135,11111101011011100011110111011111111101110101110111
11136,111111010110111000111101110111111111011101011101111
11137,1111110101101110001111011101111111110111010111011111
11138,11111101011011100011110111011111111101110101110111111
11139,111111010110111000111101110111111111011101011101111111
11140,1111110101101110001111011101111111110111010111111111
11141,111111010110111000111101110111111111011101011111
11142,111111010110111000111101110111111111011101011111111
11143,11111101011011100011110111011111111101110101111111
11144,11111101011011100011110111011111111101110101111
11145,1111110101101110001111011101111111110111010111111
11146,11111101011011100011110111011111111101111
11147,11111101011011100011110111011111111101111101
11148,111111010110111000111101110111111111011111010
11149,11111101011011100011110111011111111101111111
11150,1111110101101110001111011101111111110111110111
11151,111111010110111000111101110111111111011111011
11152,11111101011011100011110111011111111111
11153,1111110101101110001111011101111111111
11154,11111101011011100011110111011111111111101
11155,11111101011011100011110111011111111111101101
11156,111111010110111000111101110111111111111011011
11157,1111110101101110001111011101111111111110110111
11158,111111010110111000111101110111111111111011011110011
11159,1111110101101110001111011101111111111110110111100110
11160,11111101011011100011110111011111111111101101111001100
11161,111111010110111000111101110111111111111011011110011001
11162,1111110101101110001111011101111111111110110111100110011
11163,11111101011011100011110111011111111111101101111001100110
11164,111111010110111000111101110111111111111011011110011001100
11165,111111010110111000111101110111111111111011011110011001100111
11166,11111101011011100011110111011111111111101101111001100110011
11167,1111110101101110001111011101111111111110110111100110011001
11168,11111101011011100011110111011111111111101111
11169,111111010110111000111101110111111111111011111
11170,1111110101101110001111011101111111111110111111
11171,11111101011011100011110111011111111111101111111
11172,1111110101101110001111011101111111111110110111111
11173,11111101011011100011110111011111111111101101111111
11174,111111010110111000111101110111111111111011011111111
11175,1111110101101110001111011101111111111110110111111111
11176,1111110101101110001111011101111111111110110111111111101
11177,1111110101101110001111011101111111111110110111111111101111
11178,11111101011011100011110111011111111111101101111111111011110
11179,111111010110111000111101110111111111111011011111111110111100
11180,1111110101101110001111011101111111111110110111111111111
11181,1111110101101110001111011101111111111110110111111111101101
11182,11111101011011100011110111011111111111101101111111111011111
11183,1111110101101110001111011101111111111110110111111111101111111
11184,111111010110111000111101110111111111111011011111111110111111
11185,11111101011011100011110111011111111111101101111111111011111110
11186,11111101011011100011110111011111111111101101111111111011111111
11187,111111010110111000111101110111111111111011011111111110111101
11188,11111101011011100011110111011111111111101101111011
11189,11111101011011100011110111011111111111101101111001111
11190,1111110101101110001111011101111111111110110111100111
11191,111111010110111000111101110111111111111011011110011011
11192,11111101011011100011110111011111111111101101111001101
11193,11111101011011100011110111011111111111101101111001100111
11194,111111010110111000111101110111111111111011011110011001110
11195,1111110101101110001111011101111111111110110111100110011100
11196,11111101011011100011110111011111111111101101111001100111001
11197,111111010110111000111101110111111111111011011110011001110011
11198,111111010110111000111101110111111111111011011110011001110011011
11199,1111110101101110001111011101111111111110110111100110011100110
11200,1111110101101110001111011101111111111110110111100110011100110111
11201,11111101011011100011110111011111111111101101111001100111001101
11202,11111101011011100011110111011111111111101101111001100111001101110
11203,111111010110111000111101110111111111111011011110011001110011011100
11204,1111110101101110001111011101111111111110110111100110011100110111001101
11205,11111101011011100011110111011111111111101101111001100111001101110011010
11206,111111010110111000111101110111111111111011011110011001110011011100110100
11207,1111110101101110001111011101111111111110110111100110011100110111001101001
11208,111111010110111000111101110111111111111011011110011001111
11209,1111110101101110001111011101111111111110110111100110011111
11210,1111110101101110001111011101111111111110110111100110011100111
11211,11111101011011100011110111011111111111101101111001100111001110
11212,1111110101101110001111011101111111111110110111100110011100111001
11213,111111010110111000111101110111111111111011011110011001110011100
11214,11111101011011100011110111011111111111101101111001100111001110010
11215,111111010110111000111101110111111111111011011110011001110011100100
11216,11111101011011100011110111011111111111101101111001100111001111
11217,111111010110111000111101110111111111111011011110011001110011100111
11218,11111101011011100011110111011111111111101101111001100111001110011
11219,111111010110111000111101110111111111111011011110011001110011100101
11220,1111110101101110001111011101111111111110110111100110011100111001011
11221,111111010110111000111101110111111111111011011110011001110011101
11222,111111010110111000111101110111111111111011011110011001110011101111110
11223,1111110101101110001111011101111111111110110111100110011100111011111100
11224,1111110101101110001111011101111111111110110111100110011100111011111100101
11225,111111010110111000111101110111111111111011011110011001110011101111111
11226,1111110101101110001111011101111111111110110111100110011100111011111100111
11227,11111101011011100011110111011111111111101101111001100111001110111111001111
11228,1111110101101110001111011101111111111110110111100110011100111011111100111111
11229,111111010110111000111101110111111111111011011110011001110011101111110011111
11230,11111101011011100011110111011111111111101101111001100111001110111111001111111
11231,111111010110111000111101110111111111111011011110011001110011101111110011111111
11232,1111110101101110001111011101111111111110110111100110011100111011111101
11233,111111010110111000111101110111111111111011011110011001110011101111110101
11234,11111101011011100011110111011111111111101101111001100111001110111111010
11235,11111101011011100011110111011111111111101101111001100111001110111111011
11236,111111010110111000111101110111111111111011011110011001110011101111110111
11237,1111110101101110001111011101111111111110110111100110011100111010
11238,11111101011011100011110111011111111111101101111001100111001101111
11239,1111110101101110001111011101111111111110110111100110011100110111001111
11240,111111010110111000111101110111111111111011011110011001110011011100110101
11241,11111101011011100011110111011111111111101101111001100111001101110011011
11242,111111010110111000111101110111111111111011011110011001110011011100101
11243,111111010110111000111101110111111111111011011110011001110011011101
11244,1111110101101110001111011101111111111110110111100110011100110111011
11245,11111101011011100011110111011111111111101101111001100111001101110111
11246,111111010110111000111101110111111111111011011110011001110011011101111
11247,1111110101101110001111011101111111111110110111100110011101
11248,1111110101101110001111011101111111111110110111100110011011
11249,111111010110111000111101110111111111111011011110011001101
11250,11111101011011100011110111011111111111101101111001100110111
11251,11111101011011100011110111011111111111101101111001100110111011
11252,111111010110111000111101110111111111111011011110011001101110
11253,1111110101101110001111011101111111111110110111100110011011101
11254,111111010110111000111101110111111111111011011110011001101110110
11255,11111101011011100011110111011111111111101101111001100110111011011
11256,1111110101101110001111011101111111111110110111100110011011101101
11257,111111010110111000111101110111111111111011011110011001101110110110
11258,1111110101101110001111011101111111111110110111100110011011101101101101
11259,11111101011011100011110111011111111111101101111001100110111011011011010
11260,111111010110111000111101110111111111111011011110011001101110111
11261,1111110101101110001111011101111111111110110111100110011011101111
11262,11111101011011100011110111011111111111101101111001100110111011111
11263,111111010110111000111101110111111111111011011110011001101110111111
11264,111111010110111000111101110111111111111011011110011001101110110111
11265,1111110101101110001111011101111111111110110111100110011011101101110
11266,1111110101101110001111011101111111111110110111100110011011101101111
11267,11111101011011100011110111011111111111101101111001100110111011011111
11268,1111110101101110001111011101111111111110110111100110011011101101101111
11269,11111101011011100011110111011111111111101101111001100110111011011011111
11270,11111101011011100011110111011111111111101101111001100110111011011011011
11271,111111010110111000111101110111111111111011011110011001101110110110101
11272,111111010110111000111101110111111111111011011110011001101111
11273,11111101011011100011110111011111111111101101111001100110111111
11274,1111110101101110001111011101111111111110110111100110011011111
11275,111111010110111000111101110111111111111011011110011001101111110
11276,1111110101101110001111011101111111111110110111100110011011111101
11277,11111101011011100011110111011111111111101101111001100110111111011
11278,111111010110111000111101110111111111111011011110011001101111111
11279,1111110101101110001111011101111111111110110111100110011011111111
11280,111111010110111000111101110111111111111011011110001
11281,111111010110111000111101110111111111111111
11282,111111010110111000111101110111111111111111111
11283,11111101011011100011110111011111111111111
11284,1111110101101110001111011101111111111111111111
11285,11111101011011100011110111011111111111111111
11286,1111110101101110001111011101111111111111111
11287,11111101011011100011110111011111111
11288,11111101011011101
11289,1111110101101110111
11290,111111010110111011
11291,1111110111110100010111101
11292,111111010110111000111101110111111111111011011111111111101
11293,11111101011011100011110111011111111111101101111111111110
11294,111111010110111000111101110111111111011100111111011111011101101111111111111100110010101111111111111111011101111111111111
11295,1111110101101110001111011101111111110111001111110111110111011011111111111111001100101011111111111111110111011111111111111
11296,11111101011011100011110111011111111111101101111111111111
11297,11111101011011100011110111011111111101110011111101111101110110111111111111110011001011011111010
11298,111111010110111000111101110111111111011100111111011111011101101111111111111100110010110111110101
11299,1111110101101110001111011101111111110111001111110111110111011011111111111111001100101101111101
11300,11111101011011100011110111011111111101110011111101111101110110111111111111110011001011011111011
11301,1111110101101110001111011101111111110111001111110111110111011011111111111111001100101101111111
11302,11111101011011100011110111011111111101110011111111101111111111010100011011111100
11303,1111110101101110001111011101111111110111001111111110111111111101010001101111110
11304,111111010110111000111101110111111111011100111111111011111111110101000110111110
11305,11111101011011100011110111011111111101110011111111101111111111010100011011111111
11306,1111110101101110001111011101111111110111001111111110111111111101010001101111111
11307,1111110101101110001111011101111111110111001111110111110111011011111111111111001101101
11308,111111010110111000111101110111111111011100111111011111011101101111111111111100110110
11309,1111110101101110001111011101111111110111001111110111110111011011111111
11310,11111101011011100011110111011111111101110011111101111101
11311,111111010110111000111101110011111111010110011111
11312,11111101011011100011110111011111111111101101111001100111001110111111
11313,11111101011011100011110111011111111101110011111101111101110110111111111101111101111001111
11314,111111010110
11315,1111110101101110001111011
11316,11111101011011100011110111
11317,111111010110111000111101
11318,111111010
11319,1111110101101110001111011101111111111110110111100110011100110111011111
11320,111111011
11321,1111110101
11322,11111101011
11323,1111110101111
11324,11111101011111
11325,111111010111
11326,11111101011011
11327,1111110101101110001111011101111111111110110111100110011100111011111
11328,1111110101101110001111011101111111110111001111110111110111011011111111111111011
11329,111111010110111000111101110111111111011100111111011111011101101111111111111101
11330,11111101011011100011110111011111111101110011111111101111111111010100011011111101
11331,11111101011011100011110111011111111101110011111111101111111111010100011011111
11332,111111010110111000111101110111111111011100111111111011111111110101000110111111
11333,111111010110111
11334,111111010110111000111101110111
11335,1111110101101110001111011101
11336,11111101011011100011110111011111
11337,11111101011011100011110111011
11338,1111110101101110001111011101111
11339,1111110101101110001111011101111111110111001101111111
11340,1111110101101110001111011101111111110111001101111
11341,111111010110111000111101110111111111011100110111111
11342,11111101011011100011110111011111111101110011011111
11343,111111010110111000111101110111111111011100110111111111111
11344,11111101011011100011110111011111111101110011011111111111
11345,111111010110111000111101110111111111011100111111011111011101101111111
11346,11111101111101000101111011111110011111
11347,1111110111110100010111101111111001111
11348,111111011111010001011110111111100111111
11349,1111110101101110001111011101111111110111001111110111110111011011111111111111001101
11350,11111101011011100011110111011111111101110011111101111101110110111111111111110011011
11351,1111110101101110001111011101111111110111001111110111110111011011111111111111001101111
11352,11111101011011100011110111011111111101110011111101111101110110111111111111110011011111
11353,1111110101101110001111011101111111110111001111110111110111011011111111111111001101111111
11354,111111010110111000111101110111111111011100111111011111011101101111111111111100110111111
11355,111111010110111000111101110111111111011100111111011111011101101111111111111100110111
11356,11111101011011100011110111011111111101110011111101111101110110111111111111110111
11357,111111010110111000111101110111111111111011011110011001110011101111
11358,11111101011011100011110111011111111111101101111001100111001110111
11359,1111110101101110001111011101111111111110110111100110011100111011
11360,1111110101101110001111011101111111
11361,1111110101101
11362,11111101011011100011110111011111111101110011111101111101110110111111111111110011011011
11363,111111010110111000111101110111111111011100111101
11364,1111110111110
11365,1111110111111
11366,111111011111
11367,1111110111110100010
11368,111111011111010001
11369,1111110111110100011
11370,11111101011011100011110
11371,11111101011011100011111
11372,111111010110111000111
11373,1111110101101110001110
11374,1111110101101110001111
11375,1111110101101110001111011100111110
11376,1111110101101110001111011100111111
11377,111111010110111000111101110011111
11378,111111010110111000111101110111111111011
11379,11111101011011100011110111011111111101
11380,111111010110111000111101110111111111011100111111011111
11381,1111110101101110001111011101111111110111001111110111110
11382,1111110101101110001111011101111111110111001111110111111
11383,11111101011011100011110111011111111101110011111101111101110110111111111101110
11384,11111101011011100011110111011111111101110011111101111101110110111111111101111
11385,1111110101101110001111011101111111110111001111110111110111011011111111110111
11386,11111101011011100011110111011111111101110011111101111101110110111111111101111101111000
11387,11111101011011100011110111011111111101110011111101111101110110111111111101111101111001
11388,111111010110111000111101110111111111011100111111011111011101101111111111011111011110010
11389,1111110101101110001111011101111111110111001111110111110111011011111111110111110111100
11390,1111110101101110001111011101111111110111001111110111110111011011111111110111110111101
11391,111111010110111000111101110111111111011100111111011111011101101111111111011111011110
11392,11111101011011100011110111011111111101110011111101111101110110111111111101111101110
11393,11111101011011100011110111011111111101110011111101111101110110111111111101111101111
11394,1111110101101110001111011101111111110111001111110111110111011011111111110111110111
11395,111111010110111000111101110111111111011100111111011111011101101111111111011111011111
11396,111111010110111000111101110111111111011100111111011111011101101111111111011111011110010110
11397,111111010110111000111101110111111111011100111111011111011101101111111111011111011110010111
11398,11111101011011100011110111011111111101110011111101111101110110111111111101111101111001011
11399,1111110101101110001111011101111111110111001111110111110111011011111111111111001100101001111111110
11400,1111110101101110001111011101111111110111001111110111110111011011111111111111001100101001111111111
11401,111111010110111000111101110111111111011100111111011111011101101111111111111100110010100111111111
11402,1111110101101110001111011101111111110111001111110111110111011011111111111111001100101001111111110111011100
11403,1111110101101110001111011101111111110111001111110111110111011011111111111111001100101001111111110111011101
11404,111111010110111000111101110111111111011100111111011111011101101111111111111100110010100111111111011101110
11405,111111010110111000111101110111111111011100111111011111011101101111111111111100110010100111111111011101111
11406,11111101011011100011110111011111111101110011111101111101110110111111111111110011001010011111111101110111
11407,11111101011011100011110111011111111101110011111101111101110110111111111111110011001010111111111111111101110111111111110111110
11408,11111101011011100011110111011111111101110011111101111101110110111111111111110011001010111111111111111101110111111111110111111
11409,1111110101101110001111011101111111110111001111110111110111011011111111111111001100101011111111111111110111011111111111011111
11410,1111110111110100010111101111111001111111111111010
11411,1111110111110100010111101111111001111111111111011
11412,111111011111010001011110111111100111111111111101
11413,11111101011011100011110111011111111101110011111101111101110110111111111111110011001010111111
11414,111111010110111000111101110111111111011100111111011111011101101111111111111100110010101111110
11415,111111010110111000111101110111111111011100111111011111011101101111111111111100110010101111111
11416,1111110101101110001111011101111111110111001111110111110111011011111111111111001100101011111111111110110111
11417,11111101011011100011110111011111111101110011111101111101110110111111111111110011001010111111111111101101110
11418,11111101011011100011110111011111111101110011111101111101110110111111111111110011001010111111111111101101111
11419,1111110101101110001111011101111111110111001111110111110111011011111111111111001100101011111111111111110
11420,111111010110111000111101110111111111011100111111011111011101101111111111111100110010101111111111111111
11421,1111110101101110001111011101111111110111001111110111110111011011111111111111001100101011111111111111111
11422,11111101011011100011110111011111111101110011111101111101110110111111111111110011001010111111111111111110
11423,11111101011011100011110111011111111101110011111101111101110110111111111111110011001010111111111111111111
11424,1111110101101110001111011101111111110111001111110111110111011011111111111111001100101011111111111111111011111
11425,11111101011011100011110111011111111101110011111101111101110110111111111111110011001010111111111111111110111111
11426,11111101011011100011110111011111111101110011111111101110
11427,11111101011011100011110111011111111101110011111111101111
11428,1111110101101110001111011101111111110111001111111110111
11429,1111110101101110001111011101111111110111001111111110111111
11430,11111101011011100011110111011111111101110011111111101111110
11431,11111101011011100011110111011111111101110011111111101111111
11432,1111110101101110001111011101111111110111001111111110111111111101
11433,11111101011011100011110111011111111101110011111111101111111111010
11434,11111101011011100011110111011111111101110011111111101111111111011
11435,1111110101101110001111011101111111110111001111111110111111111101010001100011100
11436,1111110101101110001111011101111111110111001111111110111111111101010001100011101
11437,111111010110111000111101110111111111011100111111111011111111110101000110001110
11438,11111101011011100011110111011111111101110011111111101111111111010100011000111
11439,111111010110111000111101110111111111011100111111111011111111110101000110001111
11440,11111101011011100011110111011111111101110011111111101111111111010100011011
11441,1111110101101110001111011101111111110111001111111110111111111101010001101110
11442,111111010110111000111101110111111111011100111111111011111111110101000110110
11443,1111110101101110001111011101111111110111001111111110111111111101010001101111
11444,111111010110111000111101110111111111011100111111111011111111110101000110111
11445,111111010110111000111101110111111111011100111111111011111101111000
11446,111111010110111000111101110111111111011100111111111011111101111001
11447,11111101011011100011110111011111111101110011111111101111110111100
11448,11111101011011100011110111011111111101110011111111101111110111101
11449,1111110101101110001111011101111111110111001111111110111111011110
11450,111111010110111000111101110111111111011100111111111011111101111
11451,1111110101101110001111011101111111110111001111111110111111011111
11452,11111101011011100011110111011111111101110011111111111111
11453,111111010110111000111101110111111111011100111111111111110
11454,111111010110111000111101110111111111011100111111111111111
11455,111111010110111000111101110111111111011111
11456,1111110101101110001111011101111111110111110
11457,1111110101101110001111011101111111110111111
11458,1111110101101110001111011101111111111110
11459,111111010110111000111101110111111111111
11460,1111110101101110001111011101111111111111
11461,111111010110111000111101110111111111111011
11462,1111110101101110001111011101111111111110110
11463,1111110101101110001111011101111111111110111
11464,11111101011011100011110111011111111111101101111000
11465,11111101011011100011110111011111111111101101111
11466,111111010110111000111101110111111111111011011110
11467,1111110101101110001111011101111111111110110111100
11468,111111010110111000111101110111111111111011011111
11469,1111110101101110001111011101111111111110110111101
11470,11111101011011100011110111011111111111101101111001
11471,11111101011011100011110111011111111111101101111111111
11472,111111010110111000111101110111111111111011011111111110
11473,111111010110111000111101110111111111111011011111111111
11474,11111101011011100011110111011111111111101101111111111011
11475,111111010110111000111101110111111111111011011111111110110
11476,111111010110111000111101110111111111111011011111111110111
11477,11111101011011100011110111011111111111101101111001100111001101110010
11478,1111110101101110001111011101111111111110110111100110011100110111001
11479,11111101011011100011110111011111111111101101111001100111001101110011
11480,111111010110111000111101110111111111111011011110011001110011011100110
11481,111111010110111000111101110111111111111011011110011001110011011100111
11482,111111010110111000111101110111111111111011011110011001110011101111110010
11483,111111010110111000111101110111111111111011011110011001110011101111110011
11484,11111101011011100011110111011111111111101101111001100111001110111111001
11485,1111110101101110001111011101111111111110110111100110011011101101101
11486,11111101011011100011110111011111111111101101111001100110111011011010
11487,11111101011011100011110111011111111111101101111001100110111011011011
11488,111111010110111000111101110111111111111011011110011001101110110110110
11489,111111010110111000111101110111111111111011011110011001101110110110111
11490,11111101011011100011110111011111111101110011111101111101110110111111111101
11491,1111110101101110001111011101111111110111001111110111110111011011111111110
11492,1111110101101110001111011101111111110111001111110111110111011011111111111
11493,111111010110111000111101110111111111011100111111011111011101101111111111
11494,11111101011011100011110111011111111101110011111101111101110110111111111
11495,111111011111010001011110111001
11496,111111011111010001011110111011
11497,11111101111101000101111011100
11498,11111101111101000101111011101
11499,1111110111110100010111101110
11500,111111011111010001011110110
11501,111111011111010001011110111
11502,11111101111101000101111011
11503,1111110111110100010111101111
11504,11111101011011100011110111011111111101110011111101111101110110111111111111110011001011011111
11505,1111110101101110001111011101111111110111001111110111110111011011111111111111001100101101
11506,111111010110111000111101110111111111011100111111011111011101101111111111111100110010110
11507,1111110101101110001111011101111111110111001111110111110111011011111111111111001100101111
11508,111111010110111000111101110111111111011100111111011111011101101111111111111100110010111
11509,11111101011011100011110111011111111101110011111101111101110110111111111111110011001011
11510,111111010110111000111101110111111111011100111111011111011101101111111111111100110010110111110
11511,111111010110111000111101110111111111011100111111011111011101101111111111111100110010110111111
11512,11111101011011100011110111011111111101110011111101111101110110111111111111110011001011011
11513,111111010110111000111101110111111111011100111111011111011101101111111111111100110010110111
11514,1111110101101110001111011101111111110111001111110111110111011011111111111111001100101101111
11515,11111101011011100011110111011111111101110011111101111101110110111111111111110011001010111111111111111101110
11516,111111010110111000111101110111111111011100111111011111011101101111111111111100110010101111111111111111011111111
11517,111111010110111000111101110111111111011100111111011111011101101111111111111100110010101111111111111111011
11518,1111110101101110001111011101111111110111001111110111110111011011111111111111001100101011111111111111110111111
11519,1111110101101110001111011101111111110111001111110111110111011011111111111111001100101011111111111111110111111111
11520,111111010110111000111101110111111111011100111111011111011101101111111111111100110010101111111111111111011101
11521,11111101011011100011110111011111111101110011111101111101110110111111111111110011001010111111111111111101111
11522,1111110101101110001111011101111111110111001111110111110111011011111111111111001100101011111111111111110111
11523,11111101011011100011110111011111111101110011111101111101110110111111111111110011001010111111111111111101111110
11524,11111101011011100011110111011111111101110011111101111101110110111111111111110011001010111111111111111101111111
11525,111111010110111000111101110111111111011100111111011111011101101111111111011111011110011
11526,1111110101101110001111011101111111110111001111110111110111011011111111111111001100101001
11527,11111101011011100011110111011111111101110011111101111101110110111111111111110011001010011
11528,11111101011011100011110111001111111101011001111
11529,1111110101101110001111011100111111110
11530,1111110101101110001111011100111111111
11531,1111110101101110001111011101111111110111001111110111110111011011111111111111001100101011111111111111110111010
11532,1111110101101110001111011101111111110111001111110111110111011011111111111111001100101011111111111111110111011111
11533,11111101011011100011110111011111111101110011111101111101110110111111111111110011001010111111111111111101110111111
11534,1111110101101110001111011101111111110111001111110111110111011011111111111111001100101011111111111111110111011
11535,111111010110111000111101110111111111011100111111011111011101101111111111111100110010101111111111111111011101111
11536,11111101011011100011110111011111111101110011111101111101110110111111111111110011001010111111111111111101110111
11591,1111111111111110111111101011110111111111100101001111
11592,11111111111111101111111010111101111111111001010011
11593,111111111111111011111110101111011111111110010100111
11600,1111101111110111111110001110111111111111111
11601,111110111111011111111000111011111111111111111
11602,11111011111101111111100011101111111111111111
11687,11111101
11688,1111110
11689,111110
11690,11111010
11691,1111101
11692,111110100
11693,1111101000111
11694,11111010001
11695,111110100011
11696,1111101000
11697,11111010001111
11698,111110100011110
11699,111110100011110101
11700,1111101000111101010
11701,111101
11702,11110
11703,1111010
11704,11110100
11705,111101001
11706,1111010011
11707,11110100111
11708,111101001111
11709,11110100111111110
11710,111101001111111101
11711,1111010011111111010
11712,11110100111111110101
11713,111101001111111101011
11714,1111010011111111010110
11715,11110100111111110101100
11716,1111011
11717,11110111
11718,111101110
11719,1111011100
11720,11110111000
11721,111101110000
11722,11110111011011
11759,111101110110111101111111011111101001111101101010100111
11760,11110111011011110111111101111110100111110110101010010
11761,1111011101101111011111110111111001
11762,11110111011011110111111101111101
11763,1111011101101111011111110111101
11764,1111011101101111011111110111101111011
11765,111101110110111101111111011110111101111101
11766,1111011101101111011111110111101111011111010
11767,11110111011011110111111101111011111111
11768,111101110110111101111111011110111111
11769,1111011101101111011111110111101111111
11770,111101110110111101111111011110111101111111
11771,1111011101101111011111110111101111011111111
11772,1111011101101111011111110111101111011111011
11773,11110111011011110111111101111011110111101
11774,111101110110111101111111011110111101111011011111
11775,1111011101101111011111110111101111011110110111
11776,1111011101101111011111110111101111011110110111111
11777,111101110110111101111111011110111101111011011
11778,11110111011011110111111101111011110111101101
11779,11110111011011110111111101111011110111101101111
11780,1111011101101111011111110111101111011110110111111111
11781,11110111011011110111111101111011110111101101111111110
11782,11110111011011110111111101111011110111101111
11783,111101110110111101111111011110111101111011110
11784,1111011101101111011111110111101111011110111100
11785,1111011101101111011111110111101111011110111101
11786,111101110110111101111111011110111101111011111
11787,11110111011011110111111101111011110111101101111111111
11788,1111011101101111011111110111101111011110110111111101
11789,1111011101101111011111110111101111011101
11790,11110111011011110111111101111011110111011
11791,111101110110111101111111011110111101110111
11792,1111011101101111011111110111101111011101111
11793,1111011101101111011111110111101110111
11794,111101110110111101111111011110111011
11795,11110111011011110111111101111011101
11796,1111011101101111011111110111101101
11797,111101110110111101111111011101
11798,1111011101101111011111110111011
11799,111101110110111101111111010
11800,11110111011011110101
11801,1111011101101111010
11821,111110111
11822,1111101111
11823,11111011111
11824,11111011111101
11825,111110111111011
11826,1111101111110111
11827,11111011111101111
11828,111110111111011111
11829,111110111111011111111
11830,1111101111110111111
11831,11111011111101111111
11832,1111101111110111111110
11833,11111011111101111111100
11834,111110111111011111111000
11835,11111011111101111111100011101
11836,111110111111011111111000111011
11837,11111011111101111111100011101111111
11838,111110111111011111111000111011111111001
11839,11111011111101111111100011101111111100101111
11840,11111011111101111111100011101111111100101
11841,1111101111110111111110001110111111110010111
11842,111110111111011111111000111011111111001011
11843,1111101111110111111110001110111111110010
11844,111110111111011111111000111011111111001011111
11845,11111011111111
11846,111110111111110
11847,111110111111111
11848,11111011111111111
11849,1111101111111111
11850,111110111111111111
11851,111110111111011111111001
11852,11111011111101111111100011111
11853,11111011111101111111100011101111111111
11854,11111011111101111111100011101111111111101
11855,111110111111011111111000111011111111111010
11856,111110111111011111111000111011111111111010011
11857,1111101111110111111110001110111111111110100
11858,11111011111101111111100011101111111111101001
11859,11111011111101111111100011101111111111101001111
11860,1111101111110111111110001110111111111110100111
11861,111110111111011111111000111011111111111010011111010111
11862,11111011111101111111100011101111111111101001111101011
11863,1111101111110111111110001110111111111110100111110101111
11864,11111011111101111111100011101111111111111
11865,111110111111011111111000111011111111111111
11866,111110111111011111111000111011111111111011
11867,111110111111011111111000111011111111111011101
11868,1111101111110111111110001110111111111110111011
11869,111110111111011111111000111011111111111011111
11870,11111011111101111111100011101111111111101001111111
11871,111110111111011111111000111011111111111010011111111
11872,1111101111110111111110001110111111111110100111111111
11873,11111011111101111111100011101111111111101001111111111
11874,1111101111110111111110001110111111111110100111110111
11875,11111011111101111111100011101111111111101001111101001
11876,111110111111011111111000111011111111111010011111001
11877,1111101111110111111110001110111111111110100111110010
11878,11111011111101111111100011101111111111101001111100100
11879,111110111111011111111000111011111111111010011111001001
11880,1111101111110111111110001110111111111110100111110010011
11881,111110111111011111111000111011111111111010011111001011
11882,11111011111101111111100011101111111111101001111100101
11883,1111101111110111111110001110111111111110100111110011
11884,1111101111110111111110001110111111111110101
11885,11111011111101111111100011101111111111101011
11886,111110111111011111111000111011111111011
11887,1111101111110111111110001110111111110111
11888,111110111111011111111000111011111111011111
11889,11111011111101111111100011101111111101111
11890,1111101111110111111110001110111111110011
11891,11111011111101111111100011101111111100111
11892,11111011111101111111100011101111101
11893,111110111111011111111000111011111010
11894,111110111111011111111000111011111011
11895,111110111111011111111000111011101
11896,1111101111110111111110001101
11897,1111101111110111111110001101111
11898,111110111111011111111000110111
11899,11111011111101111111100011011
11900,111110111111011111111000101
11901,1111101111110111111110001010
11902,1111101111110111111110001011
11903,111110111111011111111011
11904,11111011111101111111101
11905,1111101111110111111111
11934,11110101
11935,111101011
11936,1111010011111111010111
11937,11110100111111110101111
11938,11110100111111110101101
11939,1111010011111111011
11940,111101001111111101111
11941,11110100111111110111
11942,1111010011111111011111
11943,11110100111111110111111
11944,111101001111111101111111
11945,11110100111111111
11946,111101001111111111
11947,11110100111110
11948,111101001111100
11949,111101001111100101
11950,1111010011111001011
11951,11110100111110010111
11952,111101001111100111
11953,1111010011111011
11954,111101001111101
11955,1111010011110111
11956,1111010011110
11957,111101001111011
11958,11110100111101
11959,11110100111101111
11960,11110111001
11961,1111011100101
11962,111101110010
11963,111101110011
11964,1111011100110
11965,1111011100111
11966,11110111001110
11967,11110111001111
11968,111101110001
11969,111101110110110
11970,11110111011011001
11971,1111011101101100
11972,1111011101101101
11973,111101110110111
11974,1111011101101110
11975,11110111011011101
11976,111101110110111011
11977,1111011101101111
11978,11110111011011110
11979,111101110110111101
11980,11110111011011110111
11981,1111011101101111011
11982,111101110110111101111
11983,1111011101101111011111
11984,11110111011011110111111101
11985,111101110110111101111111011
11986,111101110110111101111111011111101001
11987,111101110110111101111111011111101001101
11988,11110111011011111
11989,111101110110111111
11990,1111011101101111111
11991,1111011101101111011111101
11992,111101110110111101111110111
11993,11110111011011110111111011
11994,1111011101101111011111101111
11995,11110111011011110111111111
11996,111101110110111101111111011111111
11997,1111011101101111011111110111111110
11998,1111011101101111011111110111111111
11999,11110111011011110111111101111110111
12000,111101110110111101111111011111101111
12001,111101110110111101111111011111101011
12002,1111011101101111011111110111111010110111
12003,11110111011011110111111101111110101101
12004,111101110110111101111111011111101011011
12005,1111011101101111011111110111111010110
12006,1111011101101111011111110111111010110111101
12007,1111011101101111011111110111111010111
12008,1111011101101111011111110111111010110111111
12009,111101110110111101111111011111101001111
12010,111101110110111101111111011111101001111101
12011,111101110110111101111111011111101001111101101
12012,1111011101101111011111110111111010011111011010
12013,1111011101101111011111110111111010011111011010101
12014,11110111011011110111111101111110100111110110101010
12015,111101110110111101111111011111101001111101101010100
12016,1111011101101111011111110111111010011111011010101000
12017,11110111011011110111111101111110100111110110101010001
12018,111101110110111101111111011111101001111101101010100011
12019,111101110110111101111111011111101001111111
12020,1111011101101111011111110111111010011111110
12021,11110111011011110111111101111110100111111100
12022,111101110110111101111111011111101001111111000
12023,111101110110111101111111011111101001111111000111
12024,1111011101101111011111110111111010011111110001
12025,11110111011011110111111101111110100111111100011
12026,1111011101101111011111110111111010011111110001110
12027,11110111011011110111111101111110100111111101
12028,111101110110111101111111011111101001111111001
12029,1111011101101111011111110111111010011111110001111
12030,1111011101101111011111110111111010011111111
12031,11110111011011110111111101111110100111111110
12032,11110111011011110111111101111110100111111111
12033,111101110110111101111111011111101001111101111
12034,1111011101101111011111110111111010011111011011
12035,11110111011011110111111101111110100111110110110
12036,111101110110111101111111011111101001111101101101
12037,11110111011011110111111101111110100111110110110101
12038,1111011101101111011111110111111010011111011011010
12039,111101110110111101111111011111101001111101101101011
12040,11110111011011110111111101111110100111110110111
12041,11110111011011110111111101111110100111110110110111
12042,1111011101101111011111110111111010011111011011011
12043,1111011101101111011111110111111010011111011010111
12044,11110111011011110111111101111110100111110110101111
12045,11110111011011110111111101111110100111110110101011
12046,111101110110111101111111011111101001111101101010101
12047,1111011101101111011111110111111010011111011010101010
12048,11110111011011110111111101111110100111110110101010100
12049,11110111011011110111111101111110100111110110101010101
12050,111101110110111101111111011111101001111101101010101010
12051,1111011101101111011111110111111010011111011010101010100
12052,1111011101101111011111110111111010011111011010101010101
12053,11110111011011110111111101111110100111110110101010101010
12054,111101110110111101111111011111101001111101101010101010101
12055,111101110110111101111111011111101001111101101010101011
12056,1111011101101111011111110111111010011111011010101011
12057,1111011101101111011111110111111010011111011010101001
12058,1111011101101111011111110111111010011111011010101001111
12059,11110111011011110111111101111110100111110110101010011
12060,111101110111111111110111011101111111
12061,1111011101111111111101110111011111111
12062,1111011101111111111101110111011111011
12063,11110111011111111111011101110111110110
12064,11110111011111111111011101110111110111
12065,11110111011111111111011101110111110101
12066,111101110111111111110111011101111101011
12067,111101110111111111110111011101111101001
12068,11110111011111111111011101110111110100001
12069,111101110111111111110111011101111101000010
12070,1111011101111111111101110111011111010000100
12071,1111011101111111111101110111011111010000111
12072,111101110111111111110111011101111101000011
12073,1111011101111111111101110111011111010000101
12074,111101110111111111110111011101111101000001
12075,11110111011111111111011101110111110100000111
12076,1111011101111111111101110111011111010000011
12077,111101110111111111110111011101111101000001110
12078,1111011101111111111101110111011111010000011101
12079,111101110111111111110111011101111101000001110111
12080,11110111011111111111011101110111110100000111011
12081,1111011101111111111101110111011111010000011111
12082,111101110111111111110111011101111101000001111
12083,1111011101111111111101110111011111010001
12084,1111011101111111111101110111011111010001101
12085,11110111011111111111011101110111110100011010
12086,11110111011111111111011101110111110100011011
12087,111101110111111111110111011101111101000110110
12088,1111011101111111111101110111011111010001101100
12089,1111011101111111111101110111011111010001101101
12090,111101110111111111110111011101111101000110111
12091,1111011101111111111101110111011111010001111
12092,1111011101111111111101110111011111010001111111
12093,111101110111111111110111011101111101000111111
12094,11110111011111111111011101110111110100011111
12095,1111011101111111111101110111010111111
12096,11110111011111111111011101110101111111
12097,111101110111111111110111011101011111111
12098,1111011101111111111101110111010111111111
12099,11110111011111111111011101110101111111111
12100,111101110111111111110111011101011111111111
12101,111101110111111111110111011101011110111
12102,1111011101111111111101110111010111101110
12103,11110111011111111111011101110101111011100
12104,111101110111111111110111011101011110111000
12105,1111011101111111111101110111010111101111
12106,111101110111111111110111011101011110111001
12107,1111011101111111111101110111010111101110010
12108,1111011101111111111101110111010111101110011
12109,11110111011111111111011101110101111011101
12110,111101110111111111110111011101011110111010
12111,111101110111111111110111011101011110111011
12112,1111011101111111111101110111010111101110111
12113,11110111011111111111011101110101111001
12114,111101110111111111110111011101011101
12115,111101110111111111110111011101001
12116,1111011101111111111101110111010011
12117,1111011101111111111101110111010011111
12118,111101110111111111110111011101001111
12119,11110111011111111111011101110100111
12120,11110111011111111111011101110100111111
12121,11110111011111111111011101111
12122,111101110111111111110111011110
12123,1111011101111111111101110111100
12124,11110111011111111111011101111001
12125,1111011101111111111101110111101
12126,111101110111111111110111011111
12127,1111011101111111111101110111111
12128,11110111011111101111
12129,111101110111111011
12130,1111011101111110111
12131,11110111011111111
12132,111101111
12133,111101111111111111
12134,11110111111111111
12135,1111011111111111
12136,1111011111111
12137,11110111111111
12138,111101111111111
12139,111101111111
12140,1111011111
12141,11110111111
12142,111110101
12143,1111101001
12144,11111010011
12145,111110100011111111
12146,11111010001111111
12147,1111101000111111
12148,111110100011111
12149,1111101000111111111
12150,111110100011110111
12151,1111101000111101111
12152,1111101000111101011
12153,11111010001111010110
12154,11111010001111010111
12155,11111111
12156,1111111
12157,111111111
12158,1111111111
12159,11111111111
12160,111111111111
12161,111111111111111
12162,1111111111111110
12163,11111111111111101
12164,111111111111111010
12165,1111111111111110101
12166,11111111111111101011
12167,1111111111111111
12168,111111111111111011
12169,1111111111111110111
12170,11111111111111101111
12171,11111111111111101111101
12172,111111111111111011111010
12173,11111111111111101111101010
12174,111111111111111011111010100
12175,1111111111111110111110101001
12176,11111111111111101111101011
12177,1111111111111110111110101110111
12178,111111111111111011111010111011
12179,11111111111111101111101011101
12180,11111111111111101111101011101110
12181,1111111111111110111110101110111011111
12182,111111111111111011111010111011101111
12183,11111111111111101111101011101110111
12184,11111111111111101111101011101110111110
12185,111111111111111011111010111011101111100
12186,11111111111111101111101011101111
12187,11111111111111101111101011101110111111
12188,111111111111111011111010111011101111111
12189,111111111111111011111010111011101111111111
12190,1111111111111110111110101110111011111111
12191,11111111111111101111101011101110111111111
12192,1111111111111110111110101110111011111011
12193,111111111111111011111010111011101111101
12194,11111111111111101111101011101110101
12195,111111111111111011111010111011101011
12196,11111111111111101111101011111
12197,111111111111111011111010111111
12198,11111111111111101111101001
12199,1111111111111110111110100
12200,111111111111111011111010101
12201,111111111111111011111011
12202,11111111111111101111111
12203,111111111111111011111110
12204,111111111111111011111110101
12205,1111111111111110111111101011
12206,11111111111111101111111010111
12207,11111111111111101111111010111101111
12208,11111111111111101111111010111101
12209,111111111111111011111110101111011111
12210,111111111111111011111110101111011
12211,1111111111111110111111101011110111
12212,11111111111111101111111010111101111111
12213,1111111111111110111111101011110111111
12214,111111111111111011111110101111011111110
12215,1111111111111110111111101011110111111100
12216,111111111111111011111111
12217,1111111111111110111111101011110111111101
12218,111111111111111011111110101111011111111
12219,11111111111111101111111010111101111111111
12220,1111111111111110111111101011110111111111
12221,111111111111111011111110101111011111111110
12222,1111111111111110111111101011110111111111100
12223,1111111111111110111111101011110111111111100101
12224,11111111111111101111111010111101111111111001010
12225,111111111111111011111110101111011111111110010100
12226,1111111111111110111111101011110111111111100101001
12227,11111111111111101111111010111101111111111001010011111
12228,1111111111111110111111101011110111111111100101001111111
12229,111111111111111011111110101111011111111110010100111111
12230,11111111111111101111111010111101111111111001010011111110
12231,111111111111111011111110101111011111111110010100111111101
12232,1111111111111110111111101011110111111111111111
12233,1111111111111110111111101011110111111111111
12234,111111111111111011111110101111011111111111
12235,11111111111111101111111010111101111111111111
12236,111111111111111011111110101111011111111111111
12237,1111111111111110111111101011110111111111101
12238,1111111111111110111111101011110111111111100111
12239,11111111111111101111111010111101111111111001111
12240,1111111111111110111111101011110111111111100101001111111111
12241,111111111111111011111110101111011111111110010100111111111111
12242,1111111111111110111111101011110111111111100101001111111111111
12243,11111111111111101111111010111101111111111001010011111111
12244,111111111111111011111110101111011111111110010100111111111
12245,11111111111111101111111010111101111111111001010011111111111
12246,11111111111111101111111010111101111111111001010011111111111111
12247,1111111111111110111111101011110111111111100101011
12248,111111111111111011111110101111011111111110010101
12249,111111111111111011111110101111011111111110010111
12250,1111111111111110111111101011110111111111100101111
12251,11111111111111101111111010111101111111111001011
12252,111111111111111011111110101111111
12253,11111111111111101111111010111111
12254,111111111111111011111110111
12255,111111111111101
12256,11111111111110101
12257,1111111111111010
12258,1111111111111011
12259,1110111111
12260,1110111
12261,11101
12262,1110111111111
12263,11101111111
12264,111011111111
12265,111011
12266,111011111
12267,11101111
12268,1110
12269,110
12270,1101
12271,101
12272,10
12273,1011
12274,10111
12465,11111111111111101111111010111101111111000
12466,111111111111111011111110101111011111110000
12467,1111111111111110111111101011110111111100001
12468,11111111111111101111111010111101111111000011
12469,11111111111111101111111010111101111111000011111
12470,111111111111111011111110101111011111110000111
12471,1111111111111110111111101011110111111100001111
12472,111111111111111011111110101111011111110001
12473,11111111111111101111111010111101111111001
12662,11110111011011110111111101111110100111110110101010101011
12663,1111111111111110111110101010
12664,1111111111111110111110101011
12665,1111011101111111111101110111011111010001101100111
12666,1111101111110111111110001110111111111111111111
12667,11110111011111111111011101110111110100011011001111
12668,1111010011111
12680,111111
12681,11111
12682,1111
12683,111
12684,11
12690,111101001111111
12691,1111010011111111
12692,11110100111111
13065,1111011101
13076,11111010001111010
13077,1111101000111101
13078,11111010001111011
13082,1111101111110
13083,111110111111
13084,1111101111111
13085,1111101111110111111110001110
13086,1111101111110111111110001111
13087,111110111111011111111000110
13088,111110111111011111111000111
13089,11111011111101111111100010
13090,11111011111101111111100011
13091,1111101111110111111110001
13092,11111011111101111111100011101110
13093,1111101111110111111110001110111110
13094,11111011111101111111100011101111
13095,111110111111011111111000111011111
13096,1111101111110111111110001110111111
13097,1111101111110111111110001110111
13098,11111011111101111111100011101111111100
13099,11111011111101111111100011101111111101
13100,1111101111110111111110001110111111110
13101,1111101111110111111110001110111111111
13102,111110111111011111111000111011111111
13103,111110111111011111111000111011111111111
13104,1111101111110111111110001110111111111110
13105,1111101111110111111110001110111111111111
13106,1111101111110111111110001110111111111110100111110100
13107,1111101111110111111110001110111111111110100111110101
13108,11111011111101111111100011101111111111101001111100
13109,11111011111101111111100011101111111111101001111101
13110,111110111111011111111000111011111111111010011111010
13111,111110111111011111111000111011111111111010011111
13112,1111101111110111111110001110111111111110100111110
13113,111110111111011111111000111011111111111010011111011
13114,1111101111110111111110001110111111111110100111111
13115,11111011111101111111100011101111111111101110
13116,1111101111110111111110001110111111111110111
13117,11111011111101111111100011101111111111101111
13118,1111010011111001
13119,11110100111110010
13120,11110100111110011
13121,1111011101101111011111110
13122,111101110110111101111110
13123,11110111011011110111111
13124,1111011101101111011111111
13125,111101110110111101111111
13126,111101110110111101111111011111100
13127,11110111011011110111111101111110100
13128,1111011101101111011111110111111010
13129,111101110110111101111111011111101
13130,111101110110111101111111011110
13131,11110111011011110111111101111110101
13132,1111011101101111011111110111110
13133,111101110110111101111111011111
13134,1111011101101111011111110111111011
13135,11110111011011110111111101111110
13136,1111011101101111011111110111111
13137,11110111011011110111111101111111
13138,11110111011011110111111101110
13139,11110111011011110111111101111
13140,1111011101101111011111110111
13141,11110111011011110111111101111110100110
13142,11110111011011110111111101111110100111
13143,1111011101101111011111110111111010011
13144,11110111011011110111111101111110101101111
13145,111101110110111101111111011111101011011110
13146,111101110110111101111111011111101011011111
13147,11110111011011110111111101111110100111110
13148,1111011101101111011111110111111010011111
13149,11110111011011110111111101111110100111111
13150,11110111011011110111111101111110100111110110
13151,11110111011011110111111101111110100111110111
13152,1111011101101111011111110111111010011111011
13153,111101110110111101111111011111101001111101101010
13154,111101110110111101111111011111101001111101101011
13155,11110111011011110111111101111110100111110110101
13156,111101110110111101111111011110111101
13157,11110111011011110111111101111011110
13158,11110111011011110111111101111011111
13159,1111011101101111011111110111101110
13160,1111011101101111011111110111101111
13161,111101110110111101111111011110110
13162,111101110110111101111111011110111
13163,11110111011011110111111101111011
13164,1111011101101111011111110111101111011110
13165,1111011101101111011111110111101111011111
13166,11110111011011110111111101111011110111110
13167,111101110110111101111111011110111101110
13168,111101110110111101111111011110111101111
13169,11110111011011110111111101111011110111
13170,11110111011011110111111101111011110111111
13171,1111011101101111011111110111101111011110110
13172,111101110110111101111111011110111101111011
13173,1111011101101111011111110111101111011110111
13174,111101110110111101111111011110111101111011011111110
13175,111101110110111101111111011110111101111011011111111
13176,11110111011011110111111101111011110111101101111111
13177,111101110111111
13178,1111011101111110
13179,1111011101111111
13180,111101110111111111110111
13181,1111011101111111111101110
13182,1111011101111111111101111
13183,111101110111111111110111011101
13184,11110111011111111111011101110100
13185,11110111011111111111011101110101
13186,1111011101111111111101110111010
13187,1111011101111111111101110111011
13188,11110111011111111111011101110110
13189,11110111011111111111011101110111
13190,1111011101111111111101110111010111100
13191,1111011101111111111101110111010111101
13192,11110111011111111111011101110101110
13193,11110111011111111111011101110101111
13194,111101110111111111110111011101011110
13195,1111011101111111111101110111010111
13196,111101110111111111110111011101011111
13197,1111011101111111111101110111011111
13198,11110111011111111111011101110111110
13199,11110111011111111111011101110111111
13200,111101110111111111110111011101111101000110
13201,11110111011111111111011101110111110100011
13202,111101110111111111110111011101111101000111
13203,11111111111110
13204,11111111111111
13205,1111111111111
13206,1111111111111110111110
13207,111111111111111011111
13208,1111111111111110111111
13209,1111111111111110111110101110
13210,1111111111111110111110101111
13211,111111111111111011111010111
13212,1111111111111110111110101110111010
13213,1111111111111110111110101110111011
13214,111111111111111011111010111011101
13215,11111111111111101111111010
13216,1111111111111110111111101
13217,11111111111111101111111011
13218,1111111111111110111111101011110
13219,1111111111111110111111101011111
13220,111111111111111011111110101111
13221,11111111111111101111111010111101111111111001
13222,111111111111111011111110101111011111111110010
13223,111111111111111011111110101111011111111110011
13282,11110111011111111111011101110111110100011011001
13283,111101110111111111110111011101111101000110110011
13294,11111011
13342,11111101011111111
13343,111111010111111
13344,1111110101111111
13345,11111101011111111101
13346,11111101011111111101011
13347,111111010111111111010
13348,111111010111111111010111
13349,1111110101111111110101
13350,11111101011111111111
13351,111111010111111111011
13352,1111110101111111110110
13353,1111110101111111110111
13354,11111101011111111101111
13355,111111010111111111111
13356,1111110101111111110
13357,1111110101111111111
13358,111111010111111111
15039,1111111111111110111110101
12685,1
