rid,binaryID
12705,11111100110000011110101001001011101100010110001010001
12706,1111110011000000
12707,11111100110000000
12708,111111001100000000111
12709,11111100110000000011
12710,111111001100000000
12711,1111110011000000001
12712,1111110011000000001110
12713,1111110011000000001110101
12714,11111100110000000011101010
12715,111111001100000000111010100
12716,1111110011000000001110101000
12717,11111100110000000011101010000
12718,111111001100000000111010100000
12719,1111110011000000001110101000001
12720,11111100110000000011101010000010
12721,111111001100000000111010100000100
12722,1111110011000000001110101000001000
12723,11111100110000000011101010000010001
12724,111111001100000000111010100000100010
12725,1111110011000000001110101000001000100
12726,10
12727,101
12728,1011
12729,10110
12730,101100
12731,1011001
12732,10110011
12733,101100110
12734,1011001101
12735,101100110111110
12736,1011001101111100
12737,10110011011111000
12738,101100110111110000
12739,1011001101111100000
12740,10110011011111000000
12741,11
12742,111
12743,1111
12744,111111
12745,11111
12746,1111110
12747,11111100
12748,11111100110000011110101001001011101100010110001010110100000101101111110010111111101111
12749,111111001100000111101010010010111011000101100010101101000001011011111100101111111011111
12750,1111110011000001111010100100101110110001011000101011010000010110111111001011101
12751,11111100110000011110101001001011101100010110001010110100000101101111110010111010
12752,11111100110000011110101001001011101100010110001010110100000101101111110010111011
12753,111111001100000111101010010010111011000101100010101101000001011011111100101110111
12754,1111110011000001111010100100101110110001011000101011010000010110111111001010
12755,11111100110000011110101001001011101100010110001010110100000101101111110010101
12756,111111001100000111101010010010111011000101100010101101000001011011101
12757,1111110011000001111010100100101110110001011000101011010000010110111011
12758,11111100110000011110101001001011101100010110001010110100000101101110111
12759,11111100110000011110101001001011101100010110001010110100000101101110111111
12760,111111001100000111101010010010111011000101100010101101000001011011101111110
12761,1111110011000001111010100100101110110001011000101011010000010110111011111100
12762,11111100110000011110101001001011101100010110001010110100000101101110111111001
12763,1111110011000001111010100100101110110001011000101011010000010110111011111101
12764,11111100110000011110101001001011101100010110001010110100000101101110111111010
12765,111111001100000111101010010010111011000101100010101101000001011011101111110100
12766,1111110011000001111010100100101110110001011000101011010000010110111011111101001
12767,11111100110000011110101001001011101100010110001010110100000101101110111111011
12768,111111001100000111101010010010111011000101100010101101000001011011101111110110
12769,111111001100000111101010010010111011000101100010101101000001011011101111110111
12770,111111001100000111101010010010111011000101100010101101000001011011101111110101
12771,1111110011000001111010100100101110110001011000101011010000010110111011111101010
12772,1111110011000001111010100100101110110001011000101011010000010110111011111101011
12773,111111001100000111101010010010111011000101100010101101000001011011101111111
12774,1111110011000001111010100100101110110001011000101011010000010110111011111110
12775,1111110011000001111010100100101110110001011000101011010000010110111011111111
12776,11111100110000011110101001001011101100010110001010110100000101101110111101
12777,111111001100000111101010010010111011000101100010101101000001011011101111011
12778,111111001100000111101010010010111011000101100010101101000000111
12779,111111001100000111101010010010111011000101100010101101000000
12780,11111100110000011110101001001011101100010110001010110100000011
12781,1111110011000001111010100100101110110001011000101011010000001
12782,1111110011000001111010100100101110110001011000101011010000001111
12783,11111100110000011110101001001011101100010110001010110100000011111
12784,111111001100000111101010010010111011000101100010101101000000111110
12785,11111100110000011110101001001011101100010110001010110100000011111111111
12786,111111001100000111101010010010111011000101100010101101000000111111
12787,111111001100000111101010010010111011000101100010101101000000111111111
12788,11111100110000011110101001001011101100010110001010110100000011111111
12789,1111110011000001111010100100101110110001011000101011010000001111111111
12790,1111110011000001111010100100101110110001011000101011010000001111111
12791,1111110011000001111010100100101110110001011000101011010000010110111111001
12792,11111100110000011110101001001011101100010110001010110100000101101111110010
12793,11111100110000011110101001001011101100010110001010110100000101101111110011
12794,111111001100000111101010010010111011000101100010101101000001011011111101000001
12795,1111110011000001111010100100101110110001011000101011010000010110111111010000010
12796,1111110011000001111010100100101110110001011000101011010000010110111111010000011
12797,11111100110000011110101001001011101100010110001010110100000101101111110100000110
12798,11111100110000011110101001001011101100010110001010110100000101101111110100000111
12799,11111100110000011110101001001011101100010110001010110100000101101111110010111
12800,111111001100000111101010010010111011000101100010101101000001011011111100101110
12801,111111001100000111101010010010111011000101100010101101000001011011111100101111
12802,1111110011000001111010100100101110110001011000101011010000010110111111001011110
12803,1111110011000001111010100100101110110001011000101011010000010110111111001011111
12804,1111110011000001111010100100101110110001011000101011010000010110111011110
12805,1111110011000001111010100100101110110001011000101011010000010110111011111
12806,111111001100000111101010010010111011000101100010101101000001011011101111
12807,111111001100000111101010010010111011000101100010101101000000111111111111
12808,1111110011000001111010100100101110110001011000101011010000001111111111110
12809,1111110011000001111010100100101110110001011000101011010000001111111111111
12810,1111110011000001111010100100101110110001011000101011010000010110111111001011111111110
12811,111111001100000111101010010010111011000101100010101101000001011011111100101111111111
12812,1111110011000001111010100100101110110001011000101011010000010110111111001011111111111
12813,11111100110000011110101001001011100
12814,11111100110000011110101001001011101
12815,1111110011000001111010100100101110
12816,111111001100000111101010010010111
12817,1111110011000001111010100100101111
12818,1111110011000001111011101000101110100111111111101110101110
12819,1111110011000001111011101000101110100111111111101110101111
12820,111111001100000111101110100010111010011111111110111010111
12821,1111110011000001111010100100101110110001011000101011010000010110111111001011111110
12822,1111110011000001111010100100101110110001011000101011010000010110111111001011111111
12823,111111001100000111101010010010111011000101100010101101000001011011111100101111111
13360,1111110011000001
13361,11111100110000011
13362,111111001100000111
13363,1111110011000001111
13364,11111100110000011110
13365,111111001100000111101
13366,1111110011000001111010
13367,11111100110000011110101001
13368,111111001100000111101010010
13369,11111100110000011110101001001
13370,1111110011000001111010100100
13371,111111001100000111101010010010
13372,111111001100000111101010010010111011
13373,1111110011000001111010100100101110110
13374,11111100110000011110101001001011101100
13375,111111001100000111101010010010111011000
13376,111111001100000111101010010010111011000101
13377,111111001100000111101010010010111011000101100
13378,1111110011000001111010100100101110110001011000
13379,11111100110000011110101001001011101100010110001010
13380,111111001100000111101010010010111011000101100010100
13381,1111110011000001111010100100101110110001011000101000
13382,111111001
13383,1111110011
13384,11111100110
13385,111111001100
13386,1111110011000
13387,11111100110000
13388,111111001100000
13389,10110011011111001
13390,101100110111110011
13391,1011001101111100111
13392,10110011011111001110
13393,1011001101111100111001
13394,10110011011111001110011
13395,101100110111110011100
13396,101100110111110011100110
13397,101100110111110000011
13398,10110011011111000001
13399,1011001101111100000110
13400,10110011011111000001101
13401,101100110111110000011011
13402,1011001101111100000110111
13403,10110011011111000001101110
13404,11111100111
13405,111111001110
13406,1111110011100
13407,11111100111000
13408,1111110011100001
13409,111111001110000111
13410,111111001110000
13411,11111100111000011
13412,1111110011100001110
13413,11111100111000011101
13414,10111
13415,101110
13416,1011100
13417,10111000
13418,101110000
13419,1111110011000001111011
13420,1111110011000001111011101
13421,11111100110000011110111010
13422,111111001100000111101110100
13423,1111110011000001111011101000
13424,11111100110000011110111010001011
13425,11111100110000011110111010001011101
13426,111111001100000111101110100010111010
13427,11111100110000011110111010001011101001
13428,1111110011000001111011101000101110100
13429,11111100110000011110111010001011101001111
13430,111111001100000111101110100010111010011111
13431,1111110011000001111011101000101110100111111
13432,1111110011000001111011101000101110100111111111
13433,11111100110000011110111010001011101001111111111
13434,1111110011000001111011101000101110100111111111101
13435,111111001100000111101110100010111010011111111110
13436,11111100110000011110111010001011101001111111111011
13437,111111001100000111101110100010111010011111111110111
13438,1111110011000001111011101000101110100111111111101110
13439,11111100110000011110111010001011101001111111111011101011101
13440,111111001100000111101110100010111010011111111110111010111010
13441,1111110011000001111011101000101110100111111111101110101110100
13442,11111100110000011110111010001011101001111111111011101011101001011
13443,1111110011000001111011101000101110100111111111101110101110100101
13444,11111100110000011110111010001011101001111111111011111110110
13445,111111001100000111101010010010111011000101100010101101000001011011111011
13446,111111001100000111101010010010111011000101100010101101000001011011111100101111111111010
13447,111111001100000000111010100000100011
13448,1011101
13449,10111011
13450,10111001
13451,101110010
13452,101110011
13453,1011100001
13454,10111000011
13455,101110000111111
13456,1011100001111111
13457,101110000111111111
13458,10111000011111111
13459,101110000111101
13460,101110000111101111
13461,101110000111101101
13462,1011100001111011011
13463,10111000011101
13464,101110000111011
13465,1011100001110111
13466,10111000011101111
13467,101110000111011111
13468,101110001
13469,1011100011
13470,10111000111
13471,101111
13472,101101
13473,101100110111111
13474,1011001101111110
13475,10110011011111111
13476,1011001101111111
13477,10110011011111001111
13478,101100110111110011101
13479,101100110111110011100111
13480,1011001101111100111001110
13481,10110011011111001110011101
13482,101100110111110011100111011
13483,1011001101111100111001111
13484,10110011011111001110011111
13485,101100110111110011100111111
13486,10110011011111000001101111
13487,101100110111110000011011111
13488,10110011011111000001111
13489,101100110111110000011111111
13490,10110011011111000001111111
13491,1011001101111100000111
13492,1011001101111100000111111
13493,1011001101111100000111111111
13494,101100110111110000011111
13495,10110011011111000001111111111
13496,101100110111110000011111111111011
13497,1011001101111100000111111111110111
13498,10110011011111000001111111111101111
13499,10110011011111000001111111111111
13500,101100110111110000011111111111111
13501,1011001101111100000111111111111110
13502,10110011011111000001111111111111101
13503,10110011011111000001111111111111111
13504,1011001101111100000111111111111111
13505,101100110111110000011111111111111111
13506,101100110111110000001111111
13507,1011001101111100000011111111001
13508,10110011011111000000111111110011001
13509,101100110111110000001111111100110011
13510,1011001101111100000011111111001100110
13511,101100110111110000001111111100110011011
13512,10110011011111000000111111110011001101
13513,101100110111110000001111111100110011011111
13514,1011001101111100000011111111001100110111111
13515,101100110111110000001101
13516,10110011011111000000110
13517,101100110111110000001111101
13518,1011001101111100000011111111011
13519,101100110111110000001111111100110111111
13520,10110011011111000000111111110011011111
13521,1011001101111100000011111111001101111
13522,1011001101111100000011111111001101101
13523,101100110111110000001111111100110101
13524,1011001101111100000011111111001100111
13525,10110011011111000000111111110011001110
13526,101100110111110000001111111100110011100
13527,1011001101111100000011111111001100111000
13528,101100110111110000001111111100110011101
13529,1011001101111100000011111111001100111001
13530,10110011011111000000111111110011001110011
13531,10110011011111000000111111110011001111
13532,101100110111110000001111111100110011011101
13533,1011001101111100000011111111001100110111011
13534,1011001101111100000011111111001111
13535,10110011011111000000111111110011111
13536,101100110111110000001111111100111111
13537,101100110111110000001111111111
13538,1011001101111100000011111111111
13539,10110011011111000000111111111111
13540,101100110111110000001111111111111
13541,101100110111110000000
13542,1011001101111100001
13543,101100110111110001
13544,1011001101111101
13545,10110011011111011
13546,1011001111
13547,10110011111
13548,101100111
13549,11111101
13550,111111011
13551,111111001100001
13552,1111110011000010
13553,1111110011000011
13554,111111001100000111101110101
13555,11111100110000011110111010101111
13556,11111100110000011110111010101
13557,111111001100000111101110101011
13558,1111110011000001111011101010
13559,111111001100000111101110101011111
13560,1111110011000001111011101010111
13561,111111001100000111101110101111
13562,11111100110000011110111010111
13563,1111110011000001111011101011
13564,1111110011000001111011101011110
13565,111111001100000111101110101111111
13566,1111110011000001111011101011111
13567,11111100110000011110111010111111
13568,1111110011000001111011101000111
13569,11111100110000011110111010001111
13570,1111110011000001111011101000101110101111
13571,1111110011000001111011101000101110101
13572,111111001100000111101110100010111010111
13573,11111100110000011110111010001011101011
13574,11111100110000011110111010001011101011110
13575,11111100110000011110111010001011101011110111
13576,11111100110000011110111010001011101011110111011
13577,111111001100000111101110100010111010111101110
13578,1111110011000001111011101000101110101111011101
13579,111111001100000111101110100010111010111101110110
13580,111111001100000111101110100010111010111101110110101
13581,11111100110000011110111010001011101011110111011010111
13582,1111110011000001111011101000101110101111011101101011
13583,1111110011000001111011101000101110101111011101101011101
13584,111111001100000111101110100010111010111101110110101110
13585,11111100110000011110111010001011101011110111011010111011
13586,1111110011000001111011101000101110101111011111
13587,111111001100000111101110100010111010111101111
13588,11111100110000011110111010001011101011110111011010111111
13589,1111110011000001111011101000101110101111011101101011111
13590,111111001100000111101110100010111010111101110110101111
13591,111111001100000111101110100010111010111101110110111111
13592,111111001100000111101110100010111010111101110110111
13593,11111100110000011110111010001011101011110111011011111111
13594,1111110011000001111011101000101110101111011101101111
13595,11111100110000011110111010001011101011110111011011111
13596,1111110011000001111011101000101110101111011101101111111
13597,111111001100000111101110100010111010111101110110111111110
13598,1111110011000001111011101000101110101111011101101111111101
13599,111111001100000111101110100010111010111101110110111111111
13600,1111110011000001111011101000101110101111011101101111111111
13601,11111100110000011110111010001011101011110111011011111111111
13602,1111110011000001111011101000101110101111011101101111111111111
13603,111111001100000111101110100010111010111101110110111111111111
13604,11111100110000011110111010001011101011110111011011111111111111
13605,111111001100000111101110100010111010111101110111
13606,1111110011000001111011101000101110101111011101110
13607,11111100110000011110111010001011101011110111011101
13608,1111110011000001111011101000101110101111011101111
13609,11111100110000011110111010001011101011110111011110
13610,1111110011000001111011101000101110101111011101111011
13611,111111001100000111101110100010111010111101110111101
13612,11111100110000011110111010001011101011110111011110111
13613,111111001100000111101110100010111010111101110111101111
13614,1111110011000001111011101000101110101111011101111011110111111
13615,11111100110000011110111010001011101011110111011110111101111
13616,11111100110000011110111010001011101011110111011110111101
13617,1111110011000001111011101000101110101111011101111011110
13618,111111001100000111101110100010111010111101110111101111011
13619,111111001100000111101110100010111010111101110111101111011111
13620,1111110011000001111011101000101110101111011101111011110111
13621,1111110011000001111011101000101110101111011101111011111111
13622,1111110011000001111011101000101110101111011101111011111
13623,111111001100000111101110100010111010111101110111101111111
13624,11111100110000011110111010001011101011110111011110111111
13625,1111110011000001111011101000101110101111011101111011111111111
13626,1111110011000001111011101000101110101111011101111011111111111110
13627,1111110011000001111011101000101110101111011101111011111111111110101
13628,11111100110000011110111010001011101011110111011110111111111111101010111
13629,111111001100000111101110100010111010111101110111101111111111111010101
13630,1111110011000001111011101000101110101111011101111011111111111110101011
13631,11111100110000011110111010001011101011110111011110111111111111101010
13632,1111110011000001111011101000101110101111011101111011111111111110101011111
13633,111111001100000111101110100010111010111101110111101111111111111010101111
13634,11111100110000011110111010001011101011110111011110111111111111101010111111
13635,111111001100000111101110100010111010111101110111101111111111111010101111111
13636,1111110011000001111011101000101110101111011101111011111111111110101011111111
13637,11111100110000011110111010001011101011110111011110111111111111101010111111111
13638,1111110011000001111011101000101110101111011101111011111111101
13639,111111001100000111101110100010111010111101110111101111111111111011111111
13640,1111110011000001111011101000101110101111011101111011111111111110111
13641,111111001100000111101110100010111010111101110111101111111111111011111
13642,11111100110000011110111010001011101011110111011110111111111111101111111
13643,1111110011000001111011101000101110101111011101111011111111111110111111
13644,11111100110000011110111010001011101011110111011110111111111111101111
13645,111111001100000111101110100010111010111101110111101111111111111011111111111
13646,1111110011000001111011101000101110101111011101111011111111111110111111111111
13647,11111100110000011110111010001011101011110111011110111111111111101111111110111
13648,111111001100000111101110100010111010111101110111101111111111111011111111101
13649,1111110011000001111011101000101110101111011101111011111111111110111111111011
13650,11111100110000011110111010001011101011110111011110111111111111101011
13651,1111110011000001111011101000101110101111011101111011111111111110101111
13652,111111001100000111101110100010111010111101110111101111111111111010111
13653,11111100110000011110111010001011101011110111011110111111111111101011111
13654,11111100110000011110111010001011101011110111011110111111111111101011111111
13655,111111001100000111101110100010111010111101110111101111111111111010111111
13656,1111110011000001111011101000101110101111011101111011111111111110101111111
13657,1111110011000001111011101000101110101111011101111011111111111111
13658,1111110011000001111011101000101110101111011101111011111111111101
13659,11111100110000011110111010001011101011110111011110111111111111010
13660,11111100110000011110111010001011101011110111011110111111111111011
13661,111111001100000111101110100010111010111101110111101111111111110111
13662,11111100110000011110111010001011101011110111011111
13663,111111001100000111101110100010111010111101110111110
13664,111111001100000111101110100010111010111101110111111
13665,1111110011000001111011101000101110101111011101111111
13666,11111100110000011110111010001011101011110111011111111
13667,111111001100000111101110100010111010111101011111
13668,1111110011000001111011101000101110101111010111
13669,11111100110000011110111010001011101011110101
13670,111111001100000111101110100010111010111101011
13671,11111100110000011110111010001011101011110101111
13672,111111001100000111101110100010111010111101011111111
13673,1111110011000001111011101000101110101111010111111110
13674,111111001100000111101110100010111010111101011111101
13675,111111001100000111101110100010111010111101011111101101
13676,1111110011000001111011101000101110101111010111111011011
13677,11111100110000011110111010001011101011110101111110110111
13678,111111001100000111101110100010111010111101011111101101111
13679,111111001100000111101110100010111010111101011111101111
13680,1111110011000001111011101000101110101111010111111011111
13681,1111110011000001111011101000101110101111010111111111
13682,11111100110000011110111010001011101011110101111111111
13683,111111001100000111101110100010111010111111
13684,11111100110000011110111010001011101011111
13685,11111100110000011110111010001011101001111111111111
13686,111111001100000111101110100010111010011111111111
13687,1111110011000001111011101000101110100111111111111
13688,111111001100000111101110100010111010011111111111111
13689,1111110011000001111011101000101110100111111111111111
13690,11111100110000011110111010001011101001111111111111111
13691,11111100110000011110111010001011101001111111111011101011111
13692,111111001100000111101110100010111010011111111110111010111111
13693,1111110011000001111011101000101110100111111111101110101110111
13694,111111001100000111101110100010111010011111111110111010111011
13695,1111110011000001111011101000101110100111111111101110101110101
13696,1111110011000001111011101000101110100111111111101110101110100111
13697,11111100110000011110111010001011101001111111111011101011101001110
13698,11111100110000011110111010001011101001111111111011101011101001110101
13699,11111100110000011110111010001011101001111111111011101011101001110111
13700,111111001100000111101110100010111010011111111110111010111010011101111
13701,1111110011000001111011101000101110100111111111101110101110100111011111
13702,11111100110000011110111010001011101001111111111011101011101001110111111
13703,1111110011000001111011101000101110100111111111101110101110100111011111111
13704,111111001100000111101110100010111010011111111110111010111010011101111111
13705,111111001100000111101110100010111010011111111110111010111010011111
13706,11111100110000011110111010001011101001111111111011101011101001111
13707,1111110011000001111011101000101110100111111111101110111
13708,11111100110000011110111010001011101001111111111011101111
13709,1111110011000001111011101000101110100111111111101111
13710,111111001100000111101110100010111010011111111110111111
13711,11111100110000011110111010001011101001111111111011111
13712,111111001100000111101110100010111010011111111110111111111
13713,1111110011000001111011101000101110100111111111101111111111
13714,11111100110000011110111010001011101001111111111011111111111
13715,11111100110000011110111010001011101001111111111011111111111101
13716,11111100110000011110111010001011101001111111111011111111111111
13717,111111001100000111101110100010111010011111111110111111111111111
13718,111111001100000111101110100010111010011111111110111111101
13719,1111110011000001111011101000101110100111111101
13720,11111100110000011110111010001011101001101
13721,111111001100000111101110100010111010011011
13722,111111001100000111101110100010111011
13723,11111100110000011110111010001011101111
13724,1111110011000001111011101000101110111111
13725,11111100110000011110111010001011101111111
13726,111111001100000111101110100010111011111
13727,1111110011000001111011101000101110111
13728,11111100110000011110111010001011111
13729,111111001100000111101110100010111110
13730,1111110011000001111011101000101111100
13731,111111001100000111101110100010111111
13732,1111110011000001111011101000101111111
13733,11111100110000011110111010001011111011
13734,1111110011000001111011101000101111101
13735,111111001100000111101110100101
13736,11111100110000011110111010010
13737,11111100110000011110111011
13738,111111001100000111101110111
13739,1111110011000001111011111
13740,11111100110000011110111110
13741,111111001100000111101111101
13742,11111100110000011110111111
13743,111111001100000111101111111
13744,1111110011000001111011111111
13745,11111100110000011110111111111
13746,111111001100000111101111111111
13747,1111110011000001111010111
13748,11111100110000011110101011
13749,1111110011000001111010100101
13750,11111100110000011110101001011
13751,111111001100000111101010010111
13752,1111110011000001111010100101111
13753,111111001100000111101010010011
13754,11111100110000011110101001001011111
13755,11111100110000011110101001001011101111
13756,1111110011000001111010100100101110111
13757,11111100110000011110101001001011101101
13758,111111001100000111101010010010111011011
13759,11111100110000011110101001001011101100010111111
13760,111111001100000111101010010010111011000101101
13761,1111110011000001111010100100101110110001011010
13762,11111100110000011110101001001011101100010110101
13763,111111001100000111101010010010111011000101101010
13764,111111001100000111101010010010111011000101101010011
13765,1111110011000001111010100100101110110001011010100
13766,1111110011000001111010100100101110110001011010100111
13767,11111100110000011110101001001011101100010110101001
13768,111111001100000111101010010010111011000101101011
13769,1111110011000001111010100100101110110001011010111
13770,1111110011000001111010100100101110110001011010101
13771,11111100110000011110101001001011101100010110101010
13772,111111001100000111101010010010111011000101101010101
13773,11111100110000011110101001001011101100010110101011
13774,111111001100000111101010010010111011000101101010111
13775,1111110011000001111010100100101110110001011011
13776,1111110011000001111010100100101110110001011000111
13777,11111100110000011110101001001011101100010110001111
13778,111111001100000111101010010010111011000101100011111
13779,1111110011000001111010100100101110110001011000111111
13780,11111100110000011110101001001011101100010110001111111
13781,11111100110000011110101001001011101100010110001011
13782,111111001100000111101010010010111011000101100010110
13783,1111110011000001111010100100101110110001011000101101
13784,11111100110000011110101001001011101100010110001011010
13785,111111001100000111101010010010111011000101100010110101
13786,1111110011000001111010100100101110110001011000101101011
13787,11111100110000011110101001001011101100010110001011010111
13788,111111001100000111101010010010111011000101100010110101111
13789,111111001100000111101010010010111011000101100010111
13790,1111110011000001111010100100101110110001011000101111
13791,11111100110000011110101001001011101100010110001011011
13792,1111110011000001111010100100101110110001011000101001
13793,11111100110000011110101001001011101100010110001010010
13794,11111100110000011110101001001011101100010110001010011
13795,111111001100000111101010010010111011000101100010101
13796,111111001100000111101010010010111011000101100010101111
13797,1111110011000001111010100100101110110001011000101011110
13798,11111100110000011110101001001011101100010110001010111101
13799,111111001100000111101010010010111011000101100010101111011
13800,111111001100000111101010010010111011000101100010101111011111
13801,1111110011000001111010100100101110110001011000101011110111111
13802,11111100110000011110101001001011101100010110001010111101111111
13803,111111001100000111101010010010111011000101100010101111011111111
13804,111111001100000111101010010010111011000101100010101111011101
13805,1111110011000001111010100100101110110001011000101011111
13806,111111001100000111101010010010111011000101100010101101
13807,1111110011000001111010100100101110110001011000101011010
13808,11111100110000011110101001001011101100010110001010110100
13809,111111001100000111101010010010111011000101100010101101000
13810,1111110011000001111010100100101110110001011000101011010000
13811,11111100110000011110101001001011101100010110001010110100000
13812,111111001100000111101010010010111011000101100010101101000001
13813,1111110011000001111010100100101110110001011000101011010000010
13814,11111100110000011110101001001011101100010110001010110100000101
13815,111111001100000111101010010010111011000101100010101101000001011
13816,1111110011000001111010100100101110110001011000101011010000010110
13817,111111001100000111101010010010111011000101100010101101000111
13818,1111110011000001111010100100101110110001011000101011010001
13819,11111100110000011110101001001011101100010110001010110100011
13820,111111001100000111101010010010111011000101100010101101000111011
13821,1111110011000001111010100100101110110001011000101011010001110
13822,11111100110000011110101001001011101100010110001010110100011101
13823,111111001100000111101010010010111011000101100010101101000111011101
13824,111111001100000111101010010010111011000101100010101101000111011111
13825,1111110011000001111010100100101110110001011000101011010001110111110
13826,1111110011000001111010100100101110110001011000101011010001110111111
13827,1111110011000001111010100100101110110001011000101011010001111
13828,11111100110000011110101001001011101100010110001010110100011111
13829,111111001100000111101010010010111011000101100010101101000111111
13830,1111110011000001111010100100101110110001011000101011010000011
13831,1111110011000001111010100100101110110001011000101011010000011111
13832,11111100110000011110101001001011101100010110001010110100000111110
13833,111111001100000111101010010010111011000101100010101101000001111101
13834,11111100110000011110101001001011101100010110001010110100000111111
13835,1111110011000001111010100100101110110001011000101011010000011101
13836,1111110011000001111010100100101110110001011000101011010000010111
13837,111111001100000111101010010010111011000101100010101101000001011111
13838,11111100110000011110101001001011101100010110001010110100000101111
13839,111111001100000111101010010010111011000101100010101101000001011011111
13840,1111110011000001111010100100101110110001011000101011010000010110111110
13841,1111110011000001111010100100101110110001011000101011010000010110111111
13842,11111100110000011110101001001011101100010110001010110100000101101111110
13843,111111001100000111101010010010111011000101100010101101000001011011111100
13844,111111001100000111101010010010111011000101100010101101000001011011111100111
13845,11111100110000011110101001001011101100010110001010110100000101101111111
13846,111111001100000111101010010010111011000101100010101101000001011011111101
13847,1111110011000001111010100100101110110001011000101011010000010110111111010
13848,11111100110000011110101001001011101100010110001010110100000101101111110100
13849,111111001100000111101010010010111011000101100010101101000001011011111101000
13850,1111110011000001111010100100101110110001011000101011010000010110111111010000
13851,11111100110000011110101001001011101100010110001010110100000101101111110100000
13852,11111100110000011110101001001011101100010110001010110100000101101111110101
13853,1111110011000001111010100100101110110001011000101011010000010110111111010001
13854,11111100110000011110101001001011101100010110001010110100000101101111110100011
13855,111111001100000111101010010010111011000101100010101101000001011011111101000111
13856,1111110011000001111010100100101110110001011000101011010000010110111111010001110
13857,1111110011000001111010100100101110110001011000101011010000010110111111010001111
13858,11111100110000011110101001001011101100010110001010110100000101101111110100011110
13859,11111100110000011110101001001011101100010110001010110100000101101111110100011111
13860,11111100110000011110101001001011101100010110001010110100000101101111110100001
13861,1111110011000001111010100100101110110001011000101011010000010110111111010000111
13862,111111001100000111101010010010111011000101100010101101000001011011111101000011
13863,111111001100000111101010010010111011000101100010101101000001011011111101000001111
13864,1111110011000001111010100100101110110001011000101011010000010110111111010000011110
13865,1111110011000001111010100100101110110001011000101011010000010110111111010000011111
13866,111111001100000111101010010010111011000101100010101101000001011011111101000001101
13867,11111100110000011110101001001011101100010110001010110100000101101111110100000101
13868,111111001100000111101010010010111011000101100010101101000001011011111101001
13869,1111110011000001111010100100101110110001011000101011010000010110111111010010
13870,11111100110000011110101001001011101100010110001010110100000101101111110100100
13871,11111100110000011110101001001011101100010110001010110100000101101111110100100111
13872,1111110011000001111010100100101110110001011000101011010000010110111111010010011
13873,111111001100000111101010010010111011000101100010101101000001011011111101001001
13874,111111001100000111101010010010111011000101100010101101000001011011111101001001110
13875,1111110011000001111010100100101110110001011000101011010000010110111111010010011101
13876,111111001100000111101010010010111011000101100010101101000001011011111101001001111
13877,1111110011000001111010100100101110110001011000101011010000010110111111010010011111
13878,11111100110000011110101001001011101100010110001010110100000101101111110100101
13879,1111110011000001111010100100101110110001011000101011010000010110111111010011
13880,1111110011000001111010100100101110110001011000101011010000010110111111011
13881,11111100110000011110101001001011101100010110001010110100000101101111110110
13882,11111100110000011110101001001011101100010110001010110100000101101111110111
13883,111111001100000111101010010010111011000101100010101101000001011011111100101
13884,1111110011000001111010100100101110110001011000101011010000010110111111001011
13885,11111100110000011110101001001011101100010110001010110100000101101111110010111111101
13886,111111001100000111101010010010111011000101100010101101000001011011111100101111111010111
13887,111111001100000111101010010010111011000101100010101101000001011011111100101111111010
13888,11111100110000011110101001001011101100010110001010110100000101101111110010111111101011
13889,1111110011000001111010100100101110110001011000101011010000010110111111001011111110101
13890,1111110011000001111010100100101110110001011000101011010000010110111111001011111110101110
13891,11111100110000011110101001001011101100010110001010110100000101101111110010111111101011101
13892,11111100110000011110101001001011101100010110001010110100000101101111110010111101
13893,1111110011000001111010100100101110110001011000101011010000010110111111001011111110101111
13894,11111100110000011110101001001011101100010110001010110100000101101111110010111111101011110
13895,11111100110000011110101001001011101100010110001010110100000101101111110010111111101011111
13896,111111001100000111101010010010111011000101100010101101000001011011111100101111111011
13897,1111110011000001111010100100101110110001011000101011010000010110111111001011111110111
13898,11111100110000011110101001001011101100010110001010110100000011111111111111
13899,1111110011000001111010100100101110110001011000101011010000001111111111111111
13900,11111100110000011110101001001011101100010110001010110100000011111111111111111
13901,111111001100000111101010010010111011000101100010101101000000111111111111111
13902,1111110011000001111010100100101110110001011000101011010000111
13903,11111100110000011110101001001011101100010110001010110100001111
13904,11111100110000011110101001001011101100010110001010110100001
13905,111111001100000111101010010010111011000101100010101101000011
13906,111111001100000111101010010010111011000101100010101101001
13907,1111110011000001111010100100101110110001011000101011010011
13908,1111110011000001111010100100101110110001011000101011010111
13909,11111100110000011110101001001011101100010110001010110101
13910,111111001100000111101010010010111011000101100010101101011
13911,11111100110000011110101001001011101100010110001010110101111
13912,11111100110000011110101001001011101100010110001010110111
13913,1111110011000001111010100100101110110001011000101011011
13914,1111110011000001111010100100101110110001011001
13915,11111100110000011110101001001011101100010110010
13916,111111001100000111101010010010111011000101100101
13917,1111110011000001111010100100101110110001011001011
13918,11111100110000011110101001001011101100010110010111
13919,111111001100000111101010010010111011000101100101111
13920,1111110011000001111010100100101110110001011001011110
13921,11111100110000011110101001001011101100010110010111101
13922,111111001100000111101010010010111011000101100101111011
13923,1111110011000001111010100100101110110001011001011111
13924,11111100110000011110101001001011101100010110011
13925,11111100110000011110101001001011101100010101
13926,1111110011000001111010100100101110110001010
13927,111111001100000111101010010010111011000101011
13928,111111001100000111101010010010111011000111
13929,1111110011000001111010100100101110110001111
13930,111111001100000111101010010010111011001
13931,1111110011000001111010100100101110110011
13932,11111100110000011110101001001011100111
13933,111111001100000111101010010010111001
13934,1111110011000001111010100100101110011
13935,111111001100000111101010010010111001110
13936,111111001100000111101010010010111001111
13937,111111001100000111101010010010111001111111
13938,1111110011000001111010100100101110011111
13939,11111100110000011110101001001011100111111
13940,111111001100000111101010011
13941,1111110011000001111010100111
13942,11111100110000011110101001111
13943,1111110011000001111111
13944,111111001100000111111
13945,11111100110000011111
13946,111111001100000111111101
13947,11111100110000011111110
13948,111111001100000111111111
13949,11111100110000011111111
13950,11111100110000011111111101
13951,1111110011000001111111110
13952,1111110011000001111111111
13953,11111100110000011111111111
13954,111111001100000011
13955,1111110011000000111
13956,11111100110000001
13957,1111110011000000001111
13958,11111100110000000011111
13959,1111110011000000001110111
13960,11111100110000000011101110
13961,111111001100000000111011100
13962,111111001100000000111011101
13963,1111110011000000001110111011
13964,11111100110000000011101110111
13965,11111100110000000011101111
13966,111111001100000000111011111
13967,11111100110000000011101011
13968,1111110011000000001110101111
13969,11111100110000000011101011111
13970,111111001100000000111010111
13971,1111110011000000001110101001
13972,11111100110000000011101010011
13973,11111100110000000011101010001
13974,111111001100000000111010100010
13975,111111001100000000111010100011
13976,1111110011000000001110101000111
13977,11111100110000000011101010000011
13978,111111001100000000111010100000101
13979,1111110011000000001110101000001000101
13980,11111100110000000011101010000010001011
13981,11111100110000000011101010000010011111
13982,1111110011000000001110101000001001111
13983,1111110011000000001110101000001001
13984,11111100110000000011101010000010011
13985,111111001100000000111010100000100111
13986,111111001100000000111010100001
13987,111111001100000000111010101
13988,111111001100000001
13989,1111110011000000010
13990,11111100110000000100
13991,1111110011000000011
13992,11111100110000000111
13993,11111100110000000101
13994,1111110011000000010111
13995,111111001100000001011
13996,11111100110000000101111
13997,11111100110001
13998,1111110011000111
13999,111111001100011
14000,11111100110011
14001,1111110011001
14002,111111001100111
14003,1111110011001110
14004,1111110011001111
14005,11111100110011110
14006,11111100110011111
14007,111111001100111111
14008,111111001101
14009,1111110011101
14010,11111100111010
14011,111111001110100
14012,1111110011101001
14013,11111100111010011
14014,11111100111011
14015,111111001110101
14016,111111001110001
14017,1111110011100010
14018,111111001110001111
14019,1111110011100011
14020,1111110011100011111
14021,11111100111000111
14022,11111100111001
14023,111111001111
14024,1111110011110
14025,1111110011111
14026,1111111
14027,1111110011000001111010100100101110110001011000101101011111
14028,11111100110000011110101001001011101100010110001010110100000101101111110010111111111101
14029,11111100110000011110101001001011
14030,1111110011000001111010100100101
14031,11111100110000011110101001001011101100010110001010110100000101101111110010111111111
14032,11111100110000011110101001001011101100010110001010110100000101101111110010111111111111
14033,11111100110000011110101001001011101100010110001010110100000011111111111101
14034,1111110011000001111010100100101110110001011000101011010000001111111111110111
14035,111111001100000111101010010010111011000101100010101101000000111111111111011
14036,11111100110000011110101001001011101100010110001010110100000011111111111101111
14037,11111100110000011110101001001011101100010110001010110100000101101111101
14038,1111110011000001111010100100101110110001011000101001101
14039,11111100110000011110101001001011101100010110001010110100000101100
14040,111111001100000111101010010010111011000101100010100110
14041,1111110011000001111010100100101110110001011000100
14042,1111110011000001111011101000101110100111111111101111111011
14043,11111100110000011110101001001011101100010110001010110100000101101
14044,11111100110000011110101001001011101100010110
14045,10110011011
14046,101100110111
14047,1111110011000001111010100100101110110001011
14048,10110011011111
14049,1011001101111
14050,1011001101111100000011
14051,101100110111110000001
14052,11111100110000011110111010001011101001111111111011101011
14053,11111100110000011110111010001011101001111111111011111110111
14054,11111100110000011110101001001011101100010110001010011111
14055,111111001100000111101010010010111011000101100010100111
14056,1111110011000001111010100100101110110001011000101001111
14057,111111001100000111101010010010111011000101100010101101000001011011111100101111111111011
14058,10110011011111000000111
14059,101100110111110000001111
14060,1111110011000001111011101001
14061,11111100110000011110111010011
14062,1111110011000001111010100100101110110001011111
14063,111111001100000111101010010010111011000101111
14064,11111100110000011110101001001011101100010111
14065,1111110011000001111010100100101110110001011000101
14066,111111001100000111101010010010111011000101100010101101000001011010
14067,111111001100000111101010010010111011000101100010101101000001011011
14068,11111100110000011110101001001011101100010110001010110100000101101111110010111111
14069,11111100111000011111111
14070,1111110011100001111
14071,111111001110000111111
14072,1111110011100001111111
14073,11111100111000011111
14074,1111110011000001111010100100101110110001011000101011010000010110111111001011111111110101
14075,1111110011000001111010100100101110110001011000101011010000010110111111001011111111110111
14076,1111110011000000001110101000001000111
14077,1111110011000001111010100
14078,1111110011000001111010101
14079,111111001100000111101010
14080,111111001100000111101011
14081,11111100110000011110101
14082,11111100110000011110101001001011101100010
14083,11111100110000011110101001001011101100011
14084,1111110011000001111010100100101110110001
14085,111111001100000111101010010010111011000101100010
14086,111111001100000111101010010010111011000101100011
14087,11111100110000011110101001001011101100010110001
14088,111111001100000000111010
14089,111111001100000000111011
14090,11111100110000000011101
14091,111111001100000111101110
14092,111111001100000111101111
14093,11111100110000011110111
14094,1111110011000001111011101000101
14095,111111001100000111101110100010
14096,111111001100000111101110100011
14097,11111100110000011110111010001
14098,1111110011000001111011101000101110
14099,1111110011000001111011101000101111
14100,111111001100000111101110100010111
14101,1111110011000001111011101000101110100110
14102,1111110011000001111011101000101110100111
14103,111111001100000111101110100010111010011
14104,111111001100000111101110100010111010011111110
14105,111111001100000111101110100010111010011111111
14106,11111100110000011110111010001011101001111111
14107,111111001100000111101110100010111010011111111110111010
14108,111111001100000111101110100010111010011111111110111011
14109,11111100110000011110111010001011101001111111111011101
14110,1111110011000001111011101000101110100111111111101110101
14111,11111100110000011110111010001011101001111111111011101011101001
14112,111111001100000111101110100010111010011111111110111010111010010
14113,111111001100000111101110100010111010011111111110111010111010011
14114,10111000011110
14115,10111000011111
14116,1011100001110
14117,1011100001111
14118,101110000111
14119,10111000011110110
14120,10111000011110111
14121,1011100001111011
14122,10110011011111000001111111111101
14123,1011001101111100000111111111110
14124,101100110111110000011111111111
14125,1011001101111100000111111111111
14126,10110011011111000000111110
14127,1011001101111100000011111
14128,10110011011111000000111111
14129,101100110111110000001111111100
14130,101100110111110000001111111101
14131,10110011011111000000111111110
14132,10110011011111000000111111111
14133,1011001101111100000011111111
14134,1011001101111100000011111111001100
14135,10110011011111000000111111110011010
14136,1011001101111100000011111111001101
14137,101100110111110000001111111100110110
14138,101100110111110000001111111100110111
14139,101100110111110000001111111100110
14140,10110011011111000000111111110011
14141,101100110111110000001111111100111
14142,10110011011111000000111111110011001101110
14143,10110011011111000000111111110011001101111
14144,1011001101111100000011111111001100110111
14145,1111110011000001111011101000101110101111010
14146,1111110011000001111011101000101110101111011
14147,111111001100000111101110100010111010111101
14148,11111100110000011110111010001011101011110111011010
14149,11111100110000011110111010001011101011110111011011
14150,1111110011000001111011101000101110101111011101101
14151,11111100110000011110111010001011101011110111011110111111111
14152,111111001100000111101110100010111010111101110111101111111110
14153,111111001100000111101110100010111010111101110111101111111111
14154,11111100110000011110111010001011101011110111011110111111111111
14155,111111001100000111101110100010111010111101110111101111111111110
14156,111111001100000111101110100010111010111101110111101111111111111
14157,111111001100000111101110100010111010111101110111101111111111111010
14158,111111001100000111101110100010111010111101110111101111111111111011
14159,11111100110000011110111010001011101011110111011110111111111111101
14160,1111110011000001111011101000101110101111011101111011111111111110111111111
14161,11111100110000011110111010001011101011110111011110111111111111101111111110
14162,11111100110000011110111010001011101011110111011110111111111111101111111111
14163,11111100110000011110111010001011101011110101111110
14164,1111110011000001111011101000101110101111010111111
14165,11111100110000011110111010001011101011110101111111
14166,11111100110000011110111010001011101011110101111110110
14167,11111100110000011110111010001011101011110101111110111
14168,1111110011000001111011101000101110101111010111111011
14169,1111110011000001111011101000101110100111111111101110101110100111010
14170,1111110011000001111011101000101110100111111111101110101110100111011
14171,111111001100000111101110100010111010011111111110111010111010011101
14172,1111110011000001111011101000101110100111111111101111111
14173,11111100110000011110111010001011101001111111111011111110
14174,11111100110000011110111010001011101001111111111011111111
14175,1111110011000001111011101000101110100111111111101111111111110
14176,1111110011000001111011101000101110100111111111101111111111111
14177,111111001100000111101110100010111010011111111110111111111111
14178,1111110011000001111010100100101110110001011000101011
14179,11111100110000011110101001001011101100010110001010110
14180,11111100110000011110101001001011101100010110001010111
14181,1111110011000001111010100100101110110001011000101011110111
14182,11111100110000011110101001001011101100010110001010111101110
14183,11111100110000011110101001001011101100010110001010111101111
14184,11111100110000011110101001001011101100010110001010110100011101110
14185,11111100110000011110101001001011101100010110001010110100011101111
14186,1111110011000001111010100100101110110001011000101011010001110111
14187,111111001100000111101010010010111011000101100010101101000001110
14188,111111001100000111101010010010111011000101100010101101000001111
14189,11111100110000011110101001001011101100010110001010110100000111
14190,11111100110000011110101001001011101100010110001010110100000101101110
14191,1111110011000001111010100100101110110001011000101011010000010110111
14192,11111100110000011110101001001011101100010110001010110100000101101111
15041,10110011011111000000111111110011011
13359,1
